,date,school_closing,workplace_closing,cancel_public_events,restrictions_on_gatherings,close_public_transport,stay_at_home_requirements,restrictions_on_internal_movement,international_travel_controls,income_support,debt/contract_relief,public_information_campaigns,testing_policy,contact_tracing,facial_coverings,vaccination_policy,protection_of_elderly_people,total_cases,new_cases,total_deaths,new_deaths,people_vaccinated_per_hundred,people_fully_vaccinated_per_hundred,total_boosters_per_hundred
0,2020-10-12,0.0,2.0,1.0,0.0,1.0,0.0,1.0,4.0,0.0,1.0,2.0,1.0,0.0,0.0,0.0,0.0,2.0,2.0,0.0,0.0,0.0,0.0,0.0
1,2020-10-13,0.0,2.0,1.0,0.0,1.0,0.0,1.0,4.0,0.0,1.0,2.0,1.0,0.0,0.0,0.0,0.0,2.0,0.0,0.0,0.0,0.0,0.0,0.0
2,2020-10-14,0.0,2.0,1.0,0.0,1.0,0.0,1.0,4.0,0.0,1.0,2.0,1.0,0.0,0.0,0.0,0.0,2.0,0.0,0.0,0.0,0.0,0.0,0.0
3,2020-10-15,0.0,2.0,1.0,0.0,1.0,0.0,1.0,4.0,0.0,1.0,2.0,1.0,0.0,0.0,0.0,0.0,3.0,1.0,0.0,0.0,0.0,0.0,0.0
4,2020-10-16,0.0,2.0,1.0,0.0,1.0,0.0,1.0,4.0,0.0,1.0,2.0,1.0,0.0,0.0,0.0,0.0,3.0,0.0,0.0,0.0,0.0,0.0,0.0
5,2020-10-17,0.0,2.0,1.0,0.0,1.0,0.0,1.0,4.0,0.0,1.0,2.0,1.0,0.0,0.0,0.0,0.0,3.0,0.0,0.0,0.0,0.0,0.0,0.0
6,2020-10-18,0.0,2.0,1.0,0.0,1.0,0.0,1.0,4.0,0.0,1.0,2.0,1.0,0.0,0.0,0.0,0.0,3.0,0.0,0.0,0.0,0.0,0.0,0.0
7,2020-10-19,0.0,2.0,1.0,0.0,1.0,0.0,1.0,4.0,0.0,1.0,2.0,1.0,0.0,0.0,0.0,0.0,3.0,0.0,0.0,0.0,0.0,0.0,0.0
8,2020-10-20,0.0,2.0,1.0,0.0,1.0,0.0,1.0,4.0,0.0,1.0,2.0,1.0,0.0,0.0,0.0,0.0,3.0,0.0,0.0,0.0,0.0,0.0,0.0
9,2020-10-21,0.0,2.0,1.0,0.0,1.0,0.0,1.0,4.0,0.0,1.0,2.0,1.0,0.0,0.0,0.0,0.0,3.0,0.0,0.0,0.0,0.0,0.0,0.0
10,2020-10-22,0.0,2.0,1.0,0.0,1.0,0.0,1.0,4.0,0.0,1.0,2.0,1.0,0.0,0.0,0.0,0.0,4.0,1.0,0.0,0.0,0.0,0.0,0.0
11,2020-10-23,0.0,2.0,1.0,0.0,1.0,0.0,1.0,4.0,0.0,1.0,2.0,1.0,0.0,0.0,0.0,0.0,4.0,0.0,0.0,0.0,0.0,0.0,0.0
12,2020-10-24,0.0,2.0,1.0,0.0,1.0,0.0,1.0,4.0,0.0,1.0,2.0,1.0,0.0,0.0,0.0,0.0,4.0,0.0,0.0,0.0,0.0,0.0,0.0
13,2020-10-25,0.0,2.0,1.0,0.0,1.0,0.0,1.0,4.0,0.0,1.0,2.0,1.0,0.0,0.0,0.0,0.0,4.0,0.0,0.0,0.0,0.0,0.0,0.0
14,2020-10-26,0.0,2.0,1.0,0.0,1.0,0.0,1.0,4.0,0.0,1.0,2.0,1.0,0.0,0.0,0.0,0.0,4.0,0.0,0.0,0.0,0.0,0.0,0.0
15,2020-10-27,0.0,2.0,1.0,0.0,1.0,0.0,1.0,4.0,0.0,1.0,2.0,1.0,0.0,0.0,0.0,0.0,8.0,4.0,0.0,0.0,0.0,0.0,0.0
16,2020-10-28,0.0,2.0,1.0,0.0,1.0,0.0,1.0,4.0,0.0,1.0,2.0,1.0,0.0,0.0,0.0,0.0,8.0,0.0,0.0,0.0,0.0,0.0,0.0
17,2020-10-29,0.0,2.0,1.0,0.0,1.0,0.0,1.0,4.0,0.0,1.0,2.0,1.0,0.0,0.0,0.0,0.0,8.0,0.0,0.0,0.0,0.0,0.0,0.0
18,2020-10-30,0.0,2.0,1.0,0.0,1.0,0.0,1.0,4.0,0.0,1.0,2.0,1.0,0.0,0.0,0.0,0.0,8.0,0.0,0.0,0.0,0.0,0.0,0.0
19,2020-10-31,0.0,2.0,1.0,0.0,1.0,0.0,1.0,4.0,0.0,1.0,2.0,1.0,0.0,0.0,0.0,0.0,8.0,0.0,0.0,0.0,0.0,0.0,0.0
20,2020-11-01,0.0,2.0,1.0,0.0,1.0,0.0,1.0,4.0,0.0,1.0,2.0,1.0,0.0,0.0,0.0,0.0,8.0,0.0,0.0,0.0,0.0,0.0,0.0
21,2020-11-02,0.0,2.0,1.0,0.0,1.0,0.0,1.0,4.0,0.0,1.0,2.0,1.0,0.0,0.0,0.0,0.0,13.0,5.0,0.0,0.0,0.0,0.0,0.0
22,2020-11-03,0.0,2.0,1.0,0.0,1.0,0.0,1.0,4.0,0.0,1.0,2.0,1.0,0.0,0.0,0.0,0.0,13.0,0.0,0.0,0.0,0.0,0.0,0.0
23,2020-11-04,0.0,2.0,1.0,0.0,1.0,0.0,1.0,4.0,0.0,1.0,2.0,1.0,0.0,0.0,0.0,0.0,13.0,0.0,0.0,0.0,0.0,0.0,0.0
24,2020-11-05,0.0,2.0,1.0,0.0,1.0,0.0,1.0,4.0,0.0,1.0,2.0,1.0,0.0,0.0,0.0,0.0,13.0,0.0,0.0,0.0,0.0,0.0,0.0
25,2020-11-06,0.0,2.0,1.0,0.0,1.0,0.0,1.0,4.0,0.0,1.0,2.0,1.0,0.0,0.0,0.0,0.0,13.0,0.0,0.0,0.0,0.0,0.0,0.0
26,2020-11-07,0.0,2.0,1.0,0.0,1.0,0.0,1.0,4.0,0.0,1.0,2.0,1.0,0.0,0.0,0.0,0.0,13.0,0.0,0.0,0.0,0.0,0.0,0.0
27,2020-11-08,0.0,2.0,1.0,0.0,1.0,0.0,1.0,4.0,0.0,1.0,2.0,1.0,0.0,0.0,0.0,0.0,13.0,0.0,0.0,0.0,0.0,0.0,0.0
28,2020-11-09,0.0,2.0,1.0,0.0,1.0,0.0,1.0,4.0,0.0,1.0,2.0,1.0,0.0,0.0,0.0,0.0,16.0,3.0,0.0,0.0,0.0,0.0,0.0
29,2020-11-10,0.0,2.0,1.0,0.0,1.0,0.0,1.0,4.0,0.0,1.0,2.0,1.0,0.0,0.0,0.0,0.0,16.0,0.0,0.0,0.0,0.0,0.0,0.0
30,2020-11-11,0.0,2.0,1.0,0.0,1.0,0.0,1.0,4.0,0.0,1.0,2.0,1.0,0.0,0.0,0.0,0.0,16.0,0.0,0.0,0.0,0.0,0.0,0.0
31,2020-11-12,0.0,2.0,1.0,0.0,1.0,0.0,1.0,4.0,0.0,1.0,2.0,1.0,0.0,0.0,0.0,0.0,16.0,0.0,0.0,0.0,0.0,0.0,0.0
32,2020-11-13,0.0,2.0,1.0,0.0,1.0,0.0,1.0,4.0,0.0,1.0,2.0,1.0,0.0,0.0,0.0,0.0,16.0,0.0,0.0,0.0,0.0,0.0,0.0
33,2020-11-14,0.0,2.0,1.0,0.0,1.0,0.0,1.0,4.0,0.0,1.0,2.0,1.0,0.0,0.0,0.0,0.0,16.0,0.0,0.0,0.0,0.0,0.0,0.0
34,2020-11-15,0.0,2.0,1.0,0.0,1.0,0.0,1.0,4.0,0.0,1.0,2.0,1.0,0.0,0.0,0.0,0.0,16.0,0.0,0.0,0.0,0.0,0.0,0.0
35,2020-11-16,0.0,2.0,1.0,0.0,1.0,0.0,1.0,4.0,0.0,1.0,2.0,1.0,0.0,0.0,0.0,0.0,16.0,0.0,0.0,0.0,0.0,0.0,0.0
36,2020-11-17,0.0,2.0,1.0,0.0,1.0,0.0,1.0,4.0,0.0,1.0,2.0,1.0,0.0,0.0,0.0,0.0,16.0,0.0,0.0,0.0,0.0,0.0,0.0
37,2020-11-18,0.0,2.0,1.0,0.0,1.0,0.0,1.0,4.0,0.0,1.0,2.0,1.0,0.0,0.0,0.0,0.0,16.0,0.0,0.0,0.0,0.0,0.0,0.0
38,2020-11-19,0.0,2.0,1.0,0.0,1.0,0.0,1.0,4.0,0.0,1.0,2.0,1.0,0.0,0.0,0.0,0.0,16.0,0.0,0.0,0.0,0.0,0.0,0.0
39,2020-11-20,0.0,2.0,1.0,0.0,1.0,0.0,1.0,4.0,0.0,1.0,2.0,1.0,0.0,0.0,0.0,0.0,16.0,0.0,0.0,0.0,0.0,0.0,0.0
40,2020-11-21,0.0,2.0,1.0,0.0,1.0,0.0,1.0,4.0,0.0,1.0,2.0,1.0,0.0,0.0,0.0,0.0,16.0,0.0,0.0,0.0,0.0,0.0,0.0
41,2020-11-22,0.0,2.0,1.0,0.0,1.0,0.0,1.0,4.0,0.0,1.0,2.0,1.0,0.0,0.0,0.0,0.0,16.0,0.0,0.0,0.0,0.0,0.0,0.0
42,2020-11-23,0.0,2.0,1.0,0.0,1.0,0.0,1.0,4.0,0.0,1.0,2.0,1.0,0.0,0.0,0.0,0.0,16.0,0.0,0.0,0.0,0.0,0.0,0.0
43,2020-11-24,0.0,2.0,1.0,0.0,1.0,0.0,1.0,4.0,0.0,1.0,2.0,1.0,0.0,0.0,0.0,0.0,17.0,1.0,0.0,0.0,0.0,0.0,0.0
44,2020-11-25,0.0,2.0,1.0,0.0,1.0,0.0,1.0,4.0,0.0,1.0,2.0,1.0,0.0,0.0,0.0,0.0,17.0,0.0,0.0,0.0,0.0,0.0,0.0
45,2020-11-26,0.0,2.0,1.0,0.0,1.0,0.0,1.0,4.0,0.0,1.0,2.0,1.0,0.0,0.0,0.0,0.0,17.0,0.0,0.0,0.0,0.0,0.0,0.0
46,2020-11-27,0.0,2.0,1.0,0.0,1.0,0.0,1.0,4.0,0.0,1.0,2.0,1.0,0.0,0.0,0.0,0.0,17.0,0.0,0.0,0.0,0.0,0.0,0.0
47,2020-11-28,0.0,2.0,1.0,0.0,1.0,0.0,1.0,4.0,0.0,1.0,2.0,1.0,0.0,0.0,0.0,0.0,17.0,0.0,0.0,0.0,0.0,0.0,0.0
48,2020-11-29,0.0,0.0,1.0,0.0,1.0,0.0,1.0,4.0,0.0,1.0,2.0,1.0,0.0,4.0,0.0,0.0,17.0,0.0,0.0,0.0,0.0,0.0,0.0
49,2020-11-30,0.0,0.0,1.0,0.0,1.0,0.0,1.0,4.0,0.0,1.0,2.0,1.0,0.0,4.0,0.0,0.0,17.0,0.0,0.0,0.0,0.0,0.0,0.0
50,2020-12-01,0.0,0.0,1.0,0.0,1.0,0.0,1.0,4.0,0.0,1.0,2.0,1.0,0.0,4.0,0.0,0.0,17.0,0.0,0.0,0.0,0.0,0.0,0.0
51,2020-12-02,0.0,0.0,1.0,0.0,1.0,0.0,1.0,4.0,0.0,1.0,2.0,1.0,0.0,4.0,0.0,0.0,17.0,0.0,0.0,0.0,0.0,0.0,0.0
52,2020-12-03,0.0,0.0,1.0,0.0,1.0,0.0,1.0,4.0,0.0,1.0,2.0,1.0,0.0,4.0,0.0,0.0,17.0,0.0,0.0,0.0,0.0,0.0,0.0
53,2020-12-04,0.0,0.0,1.0,0.0,1.0,0.0,1.0,4.0,0.0,1.0,2.0,1.0,0.0,4.0,0.0,0.0,17.0,0.0,0.0,0.0,0.0,0.0,0.0
54,2020-12-05,0.0,0.0,1.0,0.0,1.0,0.0,1.0,4.0,0.0,1.0,2.0,1.0,0.0,4.0,0.0,0.0,17.0,0.0,0.0,0.0,0.0,0.0,0.0
55,2020-12-06,0.0,0.0,1.0,0.0,1.0,0.0,1.0,4.0,0.0,1.0,2.0,1.0,0.0,4.0,0.0,0.0,17.0,0.0,0.0,0.0,0.0,0.0,0.0
56,2020-12-07,0.0,0.0,1.0,0.0,1.0,0.0,1.0,4.0,0.0,1.0,2.0,1.0,0.0,4.0,0.0,0.0,17.0,0.0,0.0,0.0,0.0,0.0,0.0
57,2020-12-08,0.0,0.0,1.0,0.0,1.0,0.0,1.0,4.0,0.0,1.0,2.0,1.0,0.0,4.0,0.0,0.0,17.0,0.0,0.0,0.0,0.0,0.0,0.0
58,2020-12-09,0.0,0.0,1.0,0.0,1.0,0.0,1.0,4.0,0.0,1.0,2.0,1.0,0.0,4.0,0.0,0.0,17.0,0.0,0.0,0.0,0.0,0.0,0.0
59,2020-12-10,0.0,0.0,1.0,0.0,1.0,0.0,1.0,4.0,0.0,1.0,2.0,1.0,0.0,4.0,0.0,0.0,17.0,0.0,0.0,0.0,0.0,0.0,0.0
60,2020-12-11,0.0,0.0,1.0,0.0,1.0,0.0,1.0,4.0,0.0,1.0,2.0,1.0,0.0,4.0,0.0,0.0,17.0,0.0,0.0,0.0,0.0,0.0,0.0
61,2020-12-12,0.0,0.0,1.0,0.0,1.0,0.0,1.0,4.0,0.0,1.0,2.0,1.0,0.0,4.0,0.0,0.0,17.0,0.0,0.0,0.0,0.0,0.0,0.0
62,2020-12-13,0.0,0.0,1.0,0.0,1.0,0.0,1.0,4.0,0.0,1.0,2.0,1.0,0.0,4.0,0.0,0.0,17.0,0.0,0.0,0.0,0.0,0.0,0.0
63,2020-12-14,0.0,0.0,1.0,0.0,1.0,0.0,1.0,4.0,0.0,1.0,2.0,1.0,0.0,4.0,0.0,0.0,17.0,0.0,0.0,0.0,0.0,0.0,0.0
64,2020-12-15,0.0,0.0,1.0,0.0,1.0,0.0,1.0,4.0,0.0,1.0,2.0,1.0,0.0,4.0,0.0,0.0,17.0,0.0,0.0,0.0,0.0,0.0,0.0
65,2020-12-16,0.0,0.0,1.0,0.0,1.0,0.0,1.0,4.0,0.0,1.0,2.0,1.0,0.0,4.0,0.0,0.0,17.0,0.0,0.0,0.0,0.0,0.0,0.0
66,2020-12-17,0.0,0.0,1.0,0.0,1.0,0.0,1.0,4.0,0.0,1.0,2.0,1.0,0.0,4.0,0.0,0.0,17.0,0.0,0.0,0.0,0.0,0.0,0.0
67,2020-12-18,0.0,0.0,1.0,0.0,1.0,0.0,1.0,4.0,0.0,1.0,2.0,1.0,0.0,4.0,0.0,0.0,17.0,0.0,0.0,0.0,0.0,0.0,0.0
68,2020-12-19,0.0,0.0,1.0,0.0,1.0,0.0,1.0,4.0,0.0,1.0,2.0,1.0,0.0,4.0,0.0,0.0,17.0,0.0,0.0,0.0,0.0,0.0,0.0
69,2020-12-20,0.0,0.0,1.0,0.0,1.0,0.0,1.0,4.0,0.0,1.0,2.0,1.0,0.0,4.0,0.0,0.0,17.0,0.0,0.0,0.0,0.0,0.0,0.0
70,2020-12-21,0.0,0.0,1.0,0.0,1.0,0.0,1.0,4.0,0.0,1.0,2.0,1.0,0.0,4.0,0.0,0.0,17.0,0.0,0.0,0.0,0.0,0.0,0.0
71,2020-12-22,0.0,0.0,1.0,0.0,1.0,0.0,1.0,4.0,0.0,1.0,2.0,1.0,0.0,4.0,0.0,0.0,17.0,0.0,0.0,0.0,0.0,0.0,0.0
72,2020-12-23,0.0,0.0,1.0,0.0,1.0,0.0,1.0,4.0,0.0,1.0,2.0,1.0,0.0,4.0,0.0,0.0,17.0,0.0,0.0,0.0,0.0,0.0,0.0
73,2020-12-24,0.0,0.0,1.0,0.0,1.0,0.0,1.0,4.0,0.0,1.0,2.0,1.0,0.0,4.0,0.0,0.0,17.0,0.0,0.0,0.0,0.0,0.0,0.0
74,2020-12-25,0.0,0.0,1.0,0.0,1.0,0.0,1.0,4.0,0.0,1.0,2.0,1.0,0.0,4.0,0.0,0.0,17.0,0.0,0.0,0.0,0.0,0.0,0.0
75,2020-12-26,0.0,0.0,1.0,0.0,1.0,0.0,1.0,4.0,0.0,1.0,2.0,1.0,0.0,4.0,0.0,0.0,17.0,0.0,0.0,0.0,0.0,0.0,0.0
76,2020-12-27,0.0,0.0,1.0,0.0,1.0,0.0,1.0,4.0,0.0,1.0,2.0,1.0,0.0,4.0,0.0,0.0,17.0,0.0,0.0,0.0,0.0,0.0,0.0
77,2020-12-28,0.0,0.0,1.0,0.0,1.0,0.0,1.0,4.0,0.0,1.0,2.0,1.0,0.0,4.0,0.0,0.0,17.0,0.0,0.0,0.0,0.0,0.0,0.0
78,2020-12-29,0.0,0.0,1.0,0.0,1.0,0.0,1.0,4.0,0.0,1.0,2.0,1.0,0.0,4.0,0.0,0.0,17.0,0.0,0.0,0.0,0.0,0.0,0.0
79,2020-12-30,0.0,0.0,1.0,0.0,1.0,0.0,1.0,3.0,0.0,0.0,2.0,1.0,0.0,4.0,0.0,0.0,17.0,0.0,0.0,0.0,0.0,0.0,0.0
80,2020-12-31,0.0,0.0,1.0,0.0,1.0,0.0,1.0,3.0,0.0,0.0,2.0,1.0,0.0,4.0,0.0,0.0,17.0,0.0,0.0,0.0,0.0,0.0,0.0
81,2021-01-01,0.0,0.0,1.0,0.0,1.0,0.0,1.0,3.0,0.0,0.0,2.0,1.0,0.0,4.0,0.0,0.0,17.0,0.0,0.0,0.0,0.0,0.0,0.0
82,2021-01-02,0.0,0.0,1.0,0.0,1.0,0.0,1.0,3.0,0.0,0.0,2.0,1.0,0.0,4.0,0.0,0.0,17.0,0.0,0.0,0.0,0.0,0.0,0.0
83,2021-01-03,0.0,0.0,1.0,0.0,1.0,0.0,1.0,3.0,0.0,0.0,2.0,1.0,0.0,4.0,0.0,0.0,17.0,0.0,0.0,0.0,0.0,0.0,0.0
84,2021-01-04,0.0,0.0,1.0,0.0,1.0,0.0,1.0,3.0,0.0,0.0,2.0,1.0,0.0,4.0,0.0,0.0,17.0,0.0,0.0,0.0,0.0,0.0,0.0
85,2021-01-05,0.0,0.0,1.0,0.0,1.0,0.0,1.0,3.0,0.0,0.0,2.0,1.0,0.0,4.0,0.0,0.0,17.0,0.0,0.0,0.0,0.0,0.0,0.0
86,2021-01-06,0.0,0.0,1.0,0.0,1.0,0.0,1.0,3.0,0.0,0.0,2.0,1.0,0.0,4.0,0.0,0.0,17.0,0.0,0.0,0.0,0.0,0.0,0.0
87,2021-01-07,0.0,0.0,1.0,0.0,1.0,0.0,1.0,3.0,0.0,0.0,2.0,1.0,0.0,4.0,0.0,0.0,17.0,0.0,0.0,0.0,0.0,0.0,0.0
88,2021-01-08,0.0,0.0,1.0,0.0,1.0,0.0,1.0,3.0,0.0,0.0,2.0,1.0,0.0,4.0,0.0,0.0,17.0,0.0,0.0,0.0,0.0,0.0,0.0
89,2021-01-09,0.0,0.0,1.0,0.0,1.0,0.0,1.0,3.0,0.0,0.0,2.0,1.0,0.0,4.0,0.0,0.0,17.0,0.0,0.0,0.0,0.0,0.0,0.0
90,2021-01-10,0.0,0.0,1.0,0.0,1.0,0.0,1.0,3.0,0.0,0.0,2.0,1.0,0.0,4.0,0.0,0.0,17.0,0.0,0.0,0.0,0.0,0.0,0.0
91,2021-01-11,0.0,0.0,1.0,0.0,1.0,0.0,1.0,3.0,0.0,0.0,2.0,1.0,0.0,4.0,0.0,0.0,17.0,0.0,0.0,0.0,0.0,0.0,0.0
92,2021-01-12,0.0,0.0,1.0,0.0,1.0,0.0,1.0,3.0,0.0,0.0,2.0,1.0,0.0,4.0,0.0,0.0,17.0,0.0,0.0,0.0,0.0,0.0,0.0
93,2021-01-13,0.0,0.0,1.0,0.0,1.0,0.0,1.0,3.0,0.0,0.0,2.0,1.0,0.0,4.0,0.0,0.0,17.0,0.0,0.0,0.0,0.0,0.0,0.0
94,2021-01-14,0.0,0.0,1.0,0.0,1.0,0.0,1.0,3.0,0.0,0.0,2.0,1.0,0.0,4.0,0.0,0.0,17.0,0.0,0.0,0.0,0.0,0.0,0.0
95,2021-01-15,0.0,0.0,1.0,0.0,1.0,0.0,1.0,3.0,0.0,0.0,2.0,1.0,0.0,4.0,0.0,0.0,17.0,0.0,0.0,0.0,0.0,0.0,0.0
96,2021-01-16,0.0,0.0,1.0,0.0,1.0,0.0,1.0,3.0,0.0,0.0,2.0,1.0,0.0,4.0,0.0,0.0,17.0,0.0,0.0,0.0,0.0,0.0,0.0
97,2021-01-17,0.0,0.0,1.0,0.0,1.0,0.0,1.0,3.0,0.0,0.0,2.0,1.0,0.0,4.0,0.0,0.0,17.0,0.0,0.0,0.0,0.0,0.0,0.0
98,2021-01-18,0.0,0.0,1.0,0.0,1.0,0.0,1.0,3.0,0.0,0.0,2.0,1.0,0.0,4.0,0.0,0.0,17.0,0.0,0.0,0.0,0.0,0.0,0.0
99,2021-01-19,0.0,0.0,1.0,0.0,1.0,0.0,1.0,3.0,0.0,0.0,2.0,1.0,0.0,4.0,0.0,0.0,17.0,0.0,0.0,0.0,0.0,0.0,0.0
100,2021-01-20,0.0,0.0,1.0,0.0,1.0,0.0,1.0,3.0,0.0,0.0,2.0,1.0,0.0,4.0,0.0,0.0,17.0,0.0,0.0,0.0,0.0,0.0,0.0
101,2021-01-21,0.0,0.0,1.0,0.0,1.0,0.0,1.0,3.0,0.0,0.0,2.0,1.0,0.0,4.0,0.0,0.0,17.0,0.0,0.0,0.0,0.0,0.0,0.0
102,2021-01-22,0.0,0.0,1.0,0.0,1.0,0.0,1.0,3.0,0.0,0.0,2.0,1.0,0.0,4.0,0.0,0.0,17.0,0.0,0.0,0.0,0.0,0.0,0.0
103,2021-01-23,0.0,0.0,1.0,0.0,1.0,0.0,1.0,3.0,0.0,0.0,2.0,1.0,0.0,4.0,0.0,0.0,17.0,0.0,0.0,0.0,0.0,0.0,0.0
104,2021-01-24,0.0,0.0,1.0,0.0,1.0,0.0,1.0,3.0,0.0,0.0,2.0,1.0,0.0,4.0,0.0,0.0,17.0,0.0,0.0,0.0,0.0,0.0,0.0
105,2021-01-25,0.0,0.0,1.0,0.0,1.0,0.0,1.0,3.0,0.0,0.0,2.0,1.0,0.0,4.0,0.0,0.0,17.0,0.0,0.0,0.0,0.0,0.0,0.0
106,2021-01-26,0.0,0.0,1.0,0.0,1.0,0.0,1.0,3.0,0.0,0.0,2.0,1.0,0.0,4.0,0.0,0.0,17.0,0.0,0.0,0.0,0.0,0.0,0.0
107,2021-01-27,0.0,0.0,1.0,0.0,1.0,0.0,1.0,3.0,0.0,0.0,2.0,1.0,0.0,4.0,0.0,0.0,17.0,0.0,0.0,0.0,0.0,0.0,0.0
108,2021-01-28,0.0,0.0,1.0,0.0,1.0,0.0,1.0,3.0,0.0,0.0,2.0,1.0,0.0,4.0,0.0,0.0,17.0,0.0,0.0,0.0,0.0,0.0,0.0
109,2021-01-29,0.0,0.0,1.0,0.0,1.0,0.0,1.0,3.0,0.0,0.0,2.0,1.0,0.0,4.0,0.0,0.0,17.0,0.0,0.0,0.0,0.0,0.0,0.0
110,2021-01-30,0.0,0.0,1.0,0.0,1.0,0.0,1.0,3.0,0.0,0.0,2.0,1.0,0.0,4.0,0.0,0.0,17.0,0.0,0.0,0.0,0.0,0.0,0.0
111,2021-01-31,0.0,0.0,1.0,0.0,1.0,0.0,1.0,3.0,0.0,0.0,2.0,1.0,0.0,4.0,0.0,0.0,17.0,0.0,0.0,0.0,0.0,0.0,0.0
112,2021-02-01,0.0,0.0,1.0,0.0,1.0,0.0,1.0,3.0,0.0,0.0,2.0,1.0,0.0,4.0,0.0,0.0,17.0,0.0,0.0,0.0,0.0,0.0,0.0
113,2021-02-02,0.0,0.0,1.0,0.0,1.0,0.0,1.0,3.0,0.0,0.0,2.0,1.0,0.0,4.0,0.0,0.0,17.0,0.0,0.0,0.0,0.0,0.0,0.0
114,2021-02-03,0.0,0.0,1.0,0.0,1.0,0.0,1.0,3.0,0.0,0.0,2.0,1.0,0.0,4.0,0.0,0.0,17.0,0.0,0.0,0.0,0.0,0.0,0.0
115,2021-02-04,0.0,0.0,1.0,0.0,1.0,0.0,1.0,3.0,0.0,0.0,2.0,1.0,0.0,4.0,0.0,0.0,17.0,0.0,0.0,0.0,0.0,0.0,0.0
116,2021-02-05,0.0,0.0,1.0,0.0,1.0,0.0,1.0,3.0,0.0,0.0,2.0,1.0,0.0,4.0,0.0,0.0,17.0,0.0,0.0,0.0,0.0,0.0,0.0
117,2021-02-06,0.0,0.0,1.0,0.0,1.0,0.0,1.0,3.0,0.0,0.0,2.0,1.0,0.0,4.0,0.0,0.0,17.0,0.0,0.0,0.0,0.0,0.0,0.0
118,2021-02-07,0.0,0.0,1.0,0.0,1.0,0.0,1.0,3.0,0.0,0.0,2.0,1.0,0.0,4.0,0.0,0.0,17.0,0.0,0.0,0.0,0.0,0.0,0.0
119,2021-02-08,0.0,0.0,1.0,0.0,1.0,0.0,1.0,3.0,0.0,0.0,2.0,1.0,0.0,4.0,0.0,0.0,17.0,0.0,0.0,0.0,0.0,0.0,0.0
120,2021-02-09,0.0,0.0,1.0,0.0,1.0,0.0,1.0,3.0,0.0,0.0,2.0,1.0,0.0,4.0,0.0,0.0,17.0,0.0,0.0,0.0,0.0,0.0,0.0
121,2021-02-10,0.0,0.0,1.0,0.0,1.0,0.0,1.0,3.0,0.0,0.0,2.0,1.0,0.0,4.0,0.0,0.0,18.0,1.0,0.0,0.0,0.0,0.0,0.0
122,2021-02-11,0.0,0.0,1.0,0.0,1.0,0.0,1.0,3.0,0.0,0.0,2.0,1.0,0.0,4.0,0.0,0.0,18.0,0.0,0.0,0.0,0.0,0.0,0.0
123,2021-02-12,0.0,0.0,1.0,0.0,1.0,0.0,1.0,3.0,0.0,0.0,2.0,1.0,0.0,4.0,0.0,0.0,18.0,0.0,0.0,0.0,0.0,0.0,0.0
124,2021-02-13,0.0,0.0,1.0,0.0,1.0,0.0,1.0,3.0,0.0,0.0,2.0,1.0,0.0,4.0,0.0,0.0,18.0,0.0,0.0,0.0,0.0,0.0,0.0
125,2021-02-14,0.0,0.0,1.0,0.0,1.0,0.0,1.0,3.0,0.0,0.0,2.0,1.0,0.0,4.0,0.0,0.0,18.0,0.0,0.0,0.0,0.0,0.0,0.0
126,2021-02-15,0.0,0.0,1.0,0.0,1.0,0.0,1.0,3.0,0.0,0.0,2.0,1.0,0.0,4.0,0.0,0.0,18.0,0.0,0.0,0.0,0.0,0.0,0.0
127,2021-02-16,0.0,0.0,1.0,0.0,1.0,0.0,1.0,3.0,0.0,0.0,2.0,1.0,0.0,4.0,0.0,0.0,18.0,0.0,0.0,0.0,0.0,0.0,0.0
128,2021-02-17,0.0,0.0,1.0,0.0,1.0,0.0,1.0,3.0,0.0,0.0,2.0,1.0,0.0,4.0,0.0,0.0,18.0,0.0,0.0,0.0,0.0,0.0,0.0
129,2021-02-18,0.0,0.0,1.0,0.0,1.0,0.0,1.0,3.0,0.0,0.0,2.0,1.0,0.0,4.0,0.0,0.0,18.0,0.0,0.0,0.0,0.0,0.0,0.0
130,2021-02-19,0.0,0.0,1.0,0.0,1.0,0.0,1.0,3.0,0.0,0.0,2.0,1.0,0.0,4.0,0.0,0.0,18.0,0.0,0.0,0.0,0.0,0.0,0.0
131,2021-02-20,0.0,0.0,1.0,0.0,1.0,0.0,1.0,3.0,0.0,0.0,2.0,1.0,0.0,4.0,0.0,0.0,18.0,0.0,0.0,0.0,0.0,0.0,0.0
132,2021-02-21,0.0,0.0,1.0,0.0,1.0,0.0,1.0,3.0,0.0,0.0,2.0,1.0,0.0,4.0,0.0,0.0,18.0,0.0,0.0,0.0,0.0,0.0,0.0
133,2021-02-22,0.0,0.0,1.0,0.0,1.0,0.0,1.0,3.0,0.0,0.0,2.0,1.0,0.0,4.0,0.0,0.0,18.0,0.0,0.0,0.0,0.0,0.0,0.0
134,2021-02-23,0.0,0.0,1.0,0.0,1.0,0.0,1.0,3.0,0.0,0.0,2.0,1.0,0.0,4.0,0.0,0.0,18.0,0.0,0.0,0.0,0.0,0.0,0.0
135,2021-02-24,0.0,0.0,1.0,0.0,1.0,0.0,1.0,3.0,0.0,0.0,2.0,1.0,0.0,4.0,0.0,0.0,18.0,0.0,0.0,0.0,0.0,0.0,0.0
136,2021-02-25,0.0,0.0,1.0,0.0,1.0,0.0,1.0,3.0,0.0,0.0,2.0,1.0,0.0,4.0,0.0,0.0,18.0,0.0,0.0,0.0,0.0,0.0,0.0
137,2021-02-26,0.0,0.0,1.0,0.0,1.0,0.0,1.0,3.0,0.0,0.0,2.0,1.0,0.0,4.0,0.0,0.0,18.0,0.0,0.0,0.0,0.0,0.0,0.0
138,2021-02-27,0.0,0.0,1.0,0.0,1.0,0.0,1.0,3.0,0.0,0.0,2.0,1.0,0.0,4.0,0.0,0.0,18.0,0.0,0.0,0.0,0.0,0.0,0.0
139,2021-02-28,0.0,0.0,1.0,0.0,1.0,0.0,1.0,3.0,0.0,0.0,2.0,1.0,0.0,4.0,0.0,0.0,18.0,0.0,0.0,0.0,0.0,0.0,0.0
140,2021-03-01,0.0,0.0,1.0,0.0,1.0,0.0,1.0,3.0,0.0,0.0,2.0,1.0,0.0,4.0,0.0,0.0,18.0,0.0,0.0,0.0,0.0,0.0,0.0
141,2021-03-02,0.0,0.0,1.0,0.0,1.0,0.0,1.0,3.0,0.0,0.0,2.0,1.0,0.0,4.0,0.0,0.0,18.0,0.0,0.0,0.0,0.0,0.0,0.0
142,2021-03-03,0.0,0.0,1.0,0.0,1.0,0.0,1.0,3.0,0.0,0.0,2.0,1.0,0.0,4.0,0.0,0.0,18.0,0.0,0.0,0.0,0.0,0.0,0.0
143,2021-03-04,0.0,0.0,1.0,0.0,1.0,0.0,1.0,3.0,0.0,0.0,2.0,1.0,0.0,4.0,0.0,0.0,18.0,0.0,0.0,0.0,0.0,0.0,0.0
144,2021-03-05,0.0,0.0,1.0,0.0,1.0,0.0,1.0,3.0,0.0,0.0,2.0,1.0,0.0,4.0,0.0,0.0,18.0,0.0,0.0,0.0,0.0,0.0,0.0
145,2021-03-06,0.0,0.0,1.0,0.0,1.0,0.0,1.0,3.0,0.0,0.0,2.0,1.0,0.0,4.0,0.0,0.0,18.0,0.0,0.0,0.0,0.0,0.0,0.0
146,2021-03-07,0.0,0.0,1.0,0.0,1.0,0.0,1.0,3.0,0.0,0.0,2.0,1.0,0.0,4.0,0.0,0.0,18.0,0.0,0.0,0.0,0.0,0.0,0.0
147,2021-03-08,0.0,0.0,1.0,0.0,1.0,0.0,1.0,3.0,0.0,0.0,2.0,1.0,0.0,4.0,0.0,0.0,18.0,0.0,0.0,0.0,0.0,0.0,0.0
148,2021-03-09,0.0,0.0,1.0,0.0,1.0,0.0,1.0,3.0,0.0,0.0,2.0,1.0,0.0,4.0,0.0,0.0,18.0,0.0,0.0,0.0,0.0,0.0,0.0
149,2021-03-10,0.0,0.0,1.0,0.0,1.0,0.0,1.0,3.0,0.0,0.0,2.0,1.0,0.0,4.0,0.0,0.0,18.0,0.0,0.0,0.0,0.0,0.0,0.0
150,2021-03-11,0.0,0.0,1.0,0.0,1.0,0.0,1.0,3.0,0.0,0.0,2.0,1.0,0.0,4.0,0.0,0.0,18.0,0.0,0.0,0.0,0.0,0.0,0.0
151,2021-03-12,0.0,0.0,1.0,0.0,1.0,0.0,1.0,3.0,0.0,0.0,2.0,1.0,0.0,4.0,0.0,0.0,18.0,0.0,0.0,0.0,0.0,0.0,0.0
152,2021-03-13,0.0,0.0,1.0,0.0,1.0,0.0,1.0,3.0,0.0,0.0,2.0,1.0,0.0,4.0,0.0,0.0,18.0,0.0,0.0,0.0,0.0,0.0,0.0
153,2021-03-14,0.0,0.0,1.0,0.0,1.0,0.0,1.0,3.0,0.0,0.0,2.0,1.0,0.0,4.0,0.0,0.0,18.0,0.0,0.0,0.0,0.0,0.0,0.0
154,2021-03-15,0.0,0.0,1.0,0.0,1.0,0.0,1.0,3.0,0.0,0.0,2.0,1.0,0.0,4.0,0.0,0.0,18.0,0.0,0.0,0.0,0.0,0.0,0.0
155,2021-03-16,0.0,0.0,1.0,0.0,1.0,0.0,1.0,3.0,0.0,0.0,2.0,1.0,0.0,4.0,0.0,0.0,18.0,0.0,0.0,0.0,0.0,0.0,0.0
156,2021-03-17,0.0,0.0,1.0,0.0,1.0,0.0,1.0,3.0,0.0,0.0,2.0,1.0,0.0,4.0,0.0,0.0,18.0,0.0,0.0,0.0,0.0,0.0,0.0
157,2021-03-18,0.0,0.0,1.0,0.0,1.0,0.0,1.0,3.0,0.0,0.0,2.0,1.0,0.0,4.0,0.0,0.0,18.0,0.0,0.0,0.0,0.0,0.0,0.0
158,2021-03-19,0.0,0.0,1.0,0.0,1.0,0.0,1.0,3.0,0.0,0.0,2.0,1.0,0.0,4.0,0.0,0.0,18.0,0.0,0.0,0.0,0.0,0.0,0.0
159,2021-03-20,0.0,0.0,1.0,0.0,1.0,0.0,1.0,3.0,0.0,0.0,2.0,1.0,0.0,4.0,0.0,0.0,18.0,0.0,0.0,0.0,0.0,0.0,0.0
160,2021-03-21,0.0,0.0,1.0,0.0,1.0,0.0,1.0,3.0,0.0,0.0,2.0,1.0,0.0,4.0,0.0,0.0,18.0,0.0,0.0,0.0,0.0,0.0,0.0
161,2021-03-22,0.0,0.0,1.0,0.0,1.0,0.0,1.0,3.0,0.0,0.0,2.0,1.0,0.0,4.0,0.0,0.0,18.0,0.0,0.0,0.0,0.0,0.0,0.0
162,2021-03-23,0.0,0.0,1.0,0.0,1.0,0.0,1.0,3.0,0.0,0.0,2.0,1.0,0.0,0.0,1.0,0.0,18.0,0.0,0.0,0.0,0.0,0.0,0.0
163,2021-03-24,0.0,0.0,1.0,0.0,1.0,0.0,1.0,3.0,0.0,0.0,2.0,1.0,0.0,0.0,1.0,0.0,18.0,0.0,0.0,0.0,0.0,0.0,0.0
164,2021-03-25,0.0,0.0,1.0,0.0,1.0,0.0,1.0,3.0,0.0,0.0,2.0,1.0,0.0,0.0,1.0,0.0,18.0,0.0,0.0,0.0,0.0,0.0,0.0
165,2021-03-26,0.0,0.0,1.0,0.0,1.0,0.0,1.0,3.0,0.0,0.0,2.0,1.0,0.0,0.0,1.0,0.0,18.0,0.0,0.0,0.0,0.0,0.0,0.0
166,2021-03-27,0.0,0.0,1.0,0.0,1.0,0.0,1.0,3.0,0.0,0.0,2.0,1.0,0.0,0.0,1.0,0.0,18.0,0.0,0.0,0.0,0.0,0.0,0.0
167,2021-03-28,0.0,0.0,1.0,0.0,1.0,0.0,1.0,3.0,0.0,0.0,2.0,1.0,0.0,0.0,1.0,0.0,18.0,0.0,0.0,0.0,0.0,0.0,0.0
168,2021-03-29,0.0,0.0,1.0,0.0,1.0,0.0,1.0,3.0,0.0,0.0,2.0,1.0,0.0,0.0,1.0,0.0,18.0,0.0,0.0,0.0,0.0,0.0,0.0
169,2021-03-30,0.0,0.0,1.0,0.0,1.0,0.0,1.0,3.0,0.0,0.0,2.0,1.0,0.0,0.0,1.0,0.0,18.0,0.0,0.0,0.0,0.0,0.0,0.0
170,2021-03-31,0.0,0.0,1.0,0.0,1.0,0.0,1.0,3.0,0.0,0.0,2.0,1.0,0.0,0.0,1.0,0.0,19.0,1.0,0.0,0.0,0.0,0.0,0.0
171,2021-04-01,0.0,0.0,1.0,0.0,1.0,0.0,1.0,3.0,0.0,0.0,2.0,1.0,0.0,0.0,1.0,0.0,19.0,0.0,0.0,0.0,0.0,0.0,0.0
172,2021-04-02,0.0,0.0,1.0,0.0,1.0,0.0,1.0,3.0,0.0,0.0,2.0,1.0,0.0,0.0,1.0,0.0,19.0,0.0,0.0,0.0,0.0,0.0,0.0
173,2021-04-03,0.0,0.0,1.0,0.0,1.0,0.0,1.0,3.0,0.0,0.0,2.0,1.0,0.0,0.0,1.0,0.0,19.0,0.0,0.0,0.0,0.0,0.0,0.0
174,2021-04-04,0.0,0.0,1.0,0.0,1.0,0.0,1.0,3.0,0.0,0.0,2.0,1.0,0.0,0.0,1.0,0.0,19.0,0.0,0.0,0.0,0.0,0.0,0.0
175,2021-04-05,0.0,0.0,1.0,0.0,1.0,0.0,1.0,3.0,0.0,0.0,2.0,1.0,0.0,0.0,1.0,0.0,19.0,0.0,0.0,0.0,0.0,0.0,0.0
176,2021-04-06,0.0,0.0,1.0,0.0,1.0,0.0,1.0,3.0,0.0,0.0,2.0,1.0,0.0,0.0,1.0,0.0,19.0,0.0,0.0,0.0,0.0,0.0,0.0
177,2021-04-07,0.0,0.0,1.0,0.0,1.0,0.0,1.0,3.0,0.0,0.0,2.0,1.0,0.0,0.0,1.0,0.0,19.0,0.0,0.0,0.0,0.0,0.0,0.0
178,2021-04-08,0.0,0.0,1.0,0.0,1.0,0.0,1.0,3.0,0.0,0.0,2.0,1.0,0.0,0.0,1.0,0.0,19.0,0.0,0.0,0.0,0.0,0.0,0.0
179,2021-04-09,0.0,0.0,1.0,0.0,1.0,0.0,1.0,3.0,0.0,0.0,2.0,1.0,0.0,0.0,1.0,0.0,19.0,0.0,0.0,0.0,0.0,0.0,0.0
180,2021-04-10,0.0,0.0,1.0,0.0,1.0,0.0,1.0,3.0,0.0,0.0,2.0,1.0,0.0,0.0,1.0,0.0,19.0,0.0,0.0,0.0,0.0,0.0,0.0
181,2021-04-11,0.0,0.0,1.0,0.0,1.0,0.0,1.0,3.0,0.0,0.0,2.0,1.0,0.0,0.0,1.0,0.0,19.0,0.0,0.0,0.0,0.0,0.0,0.0
182,2021-04-12,0.0,0.0,1.0,0.0,1.0,0.0,1.0,3.0,0.0,0.0,2.0,1.0,0.0,0.0,1.0,0.0,19.0,0.0,0.0,0.0,0.0,0.0,0.0
183,2021-04-13,0.0,0.0,1.0,0.0,1.0,0.0,1.0,3.0,0.0,0.0,2.0,1.0,0.0,0.0,1.0,0.0,19.0,0.0,0.0,0.0,0.37,0.0,0.0
184,2021-04-14,0.0,0.0,1.0,0.0,1.0,0.0,1.0,3.0,0.0,0.0,2.0,1.0,0.0,0.0,1.0,0.0,19.0,0.0,0.0,0.0,0.37,0.0,0.0
185,2021-04-15,0.0,0.0,1.0,0.0,1.0,0.0,1.0,3.0,0.0,0.0,2.0,1.0,0.0,0.0,1.0,0.0,19.0,0.0,0.0,0.0,0.37,0.0,0.0
186,2021-04-16,0.0,0.0,1.0,0.0,1.0,0.0,1.0,3.0,0.0,0.0,2.0,1.0,0.0,0.0,1.0,0.0,20.0,1.0,0.0,0.0,0.37,0.0,0.0
187,2021-04-17,0.0,0.0,1.0,0.0,1.0,0.0,1.0,3.0,0.0,0.0,2.0,1.0,0.0,0.0,1.0,0.0,20.0,0.0,0.0,0.0,0.37,0.0,0.0
188,2021-04-18,0.0,0.0,1.0,0.0,1.0,0.0,1.0,3.0,0.0,0.0,2.0,1.0,0.0,0.0,1.0,0.0,20.0,0.0,0.0,0.0,0.37,0.0,0.0
189,2021-04-19,0.0,0.0,1.0,0.0,1.0,0.0,1.0,3.0,0.0,0.0,2.0,1.0,0.0,0.0,1.0,0.0,20.0,0.0,0.0,0.0,0.37,0.0,0.0
190,2021-04-20,0.0,0.0,1.0,0.0,1.0,0.0,1.0,3.0,0.0,0.0,2.0,1.0,0.0,0.0,1.0,0.0,20.0,0.0,0.0,0.0,0.49,0.0,0.0
191,2021-04-21,0.0,0.0,1.0,0.0,1.0,0.0,1.0,3.0,0.0,0.0,2.0,1.0,0.0,0.0,1.0,0.0,20.0,0.0,0.0,0.0,0.49,0.0,0.0
192,2021-04-22,0.0,0.0,1.0,0.0,1.0,0.0,1.0,3.0,0.0,0.0,2.0,1.0,0.0,0.0,1.0,0.0,20.0,0.0,0.0,0.0,0.49,0.0,0.0
193,2021-04-23,0.0,0.0,1.0,0.0,1.0,0.0,1.0,3.0,0.0,0.0,2.0,1.0,0.0,0.0,1.0,0.0,20.0,0.0,0.0,0.0,0.49,0.0,0.0
194,2021-04-24,0.0,0.0,1.0,0.0,1.0,0.0,1.0,3.0,0.0,0.0,2.0,1.0,0.0,0.0,1.0,0.0,20.0,0.0,0.0,0.0,0.49,0.0,0.0
195,2021-04-25,0.0,0.0,1.0,0.0,1.0,0.0,1.0,3.0,0.0,0.0,2.0,1.0,0.0,0.0,1.0,0.0,20.0,0.0,0.0,0.0,0.49,0.0,0.0
196,2021-04-26,0.0,0.0,1.0,0.0,1.0,0.0,1.0,3.0,0.0,0.0,2.0,1.0,0.0,0.0,1.0,0.0,20.0,0.0,0.0,0.0,0.49,0.0,0.0
197,2021-04-27,0.0,0.0,1.0,0.0,0.0,0.0,0.0,3.0,0.0,0.0,2.0,1.0,0.0,0.0,1.0,0.0,20.0,0.0,0.0,0.0,0.5,0.49,0.0
198,2021-04-28,0.0,0.0,1.0,0.0,0.0,0.0,0.0,3.0,0.0,0.0,2.0,1.0,0.0,0.0,1.0,0.0,20.0,0.0,0.0,0.0,0.5,0.49,0.0
199,2021-04-29,0.0,0.0,1.0,0.0,0.0,0.0,0.0,3.0,0.0,0.0,2.0,1.0,0.0,0.0,1.0,0.0,20.0,0.0,0.0,0.0,0.5,0.49,0.0
200,2021-04-30,0.0,0.0,1.0,0.0,0.0,0.0,0.0,3.0,0.0,0.0,2.0,1.0,0.0,0.0,1.0,0.0,20.0,0.0,0.0,0.0,0.5,0.49,0.0
201,2021-05-01,0.0,0.0,1.0,0.0,0.0,0.0,0.0,3.0,0.0,0.0,2.0,1.0,0.0,0.0,1.0,0.0,20.0,0.0,0.0,0.0,0.5,0.49,0.0
202,2021-05-02,0.0,0.0,1.0,0.0,0.0,0.0,0.0,3.0,0.0,0.0,2.0,1.0,0.0,0.0,1.0,0.0,20.0,0.0,0.0,0.0,0.5,0.49,0.0
203,2021-05-03,0.0,0.0,1.0,0.0,0.0,0.0,0.0,3.0,0.0,0.0,2.0,1.0,0.0,0.0,1.0,0.0,20.0,0.0,0.0,0.0,0.5,0.49,0.0
204,2021-05-04,0.0,0.0,1.0,0.0,0.0,0.0,0.0,3.0,0.0,0.0,2.0,1.0,0.0,0.0,1.0,0.0,20.0,0.0,0.0,0.0,0.61,0.49,0.0
205,2021-05-05,0.0,0.0,1.0,0.0,0.0,0.0,0.0,3.0,0.0,0.0,2.0,1.0,0.0,0.0,1.0,0.0,20.0,0.0,0.0,0.0,0.61,0.49,0.0
206,2021-05-06,0.0,0.0,1.0,0.0,0.0,0.0,0.0,3.0,0.0,0.0,2.0,1.0,0.0,0.0,1.0,0.0,20.0,0.0,0.0,0.0,0.61,0.49,0.0
207,2021-05-07,0.0,0.0,1.0,0.0,0.0,0.0,0.0,3.0,0.0,0.0,2.0,1.0,0.0,0.0,1.0,0.0,20.0,0.0,0.0,0.0,0.61,0.49,0.0
208,2021-05-08,0.0,0.0,1.0,0.0,0.0,0.0,0.0,3.0,0.0,0.0,2.0,1.0,0.0,0.0,1.0,0.0,20.0,0.0,0.0,0.0,0.61,0.49,0.0
209,2021-05-09,0.0,0.0,1.0,0.0,0.0,0.0,0.0,3.0,0.0,0.0,2.0,1.0,0.0,0.0,1.0,0.0,20.0,0.0,0.0,0.0,0.61,0.49,0.0
210,2021-05-10,0.0,0.0,1.0,0.0,0.0,0.0,0.0,3.0,0.0,0.0,2.0,1.0,0.0,0.0,1.0,0.0,20.0,0.0,0.0,0.0,0.61,0.49,0.0
211,2021-05-11,0.0,0.0,1.0,0.0,0.0,0.0,0.0,3.0,0.0,0.0,2.0,1.0,0.0,0.0,1.0,0.0,20.0,0.0,0.0,0.0,1.32,0.49,0.0
212,2021-05-12,0.0,0.0,1.0,0.0,0.0,0.0,0.0,3.0,0.0,0.0,2.0,1.0,0.0,0.0,1.0,0.0,20.0,0.0,0.0,0.0,1.32,0.49,0.0
213,2021-05-13,0.0,0.0,1.0,0.0,0.0,0.0,0.0,3.0,0.0,0.0,2.0,1.0,0.0,0.0,1.0,0.0,20.0,0.0,0.0,0.0,1.32,0.49,0.0
214,2021-05-14,0.0,0.0,1.0,0.0,0.0,0.0,0.0,3.0,0.0,0.0,2.0,1.0,0.0,0.0,1.0,0.0,20.0,0.0,0.0,0.0,1.32,0.49,0.0
215,2021-05-15,0.0,0.0,1.0,0.0,0.0,0.0,0.0,3.0,0.0,0.0,2.0,1.0,0.0,0.0,1.0,0.0,20.0,0.0,0.0,0.0,1.32,0.49,0.0
216,2021-05-16,0.0,0.0,1.0,0.0,0.0,0.0,0.0,3.0,0.0,0.0,2.0,1.0,0.0,0.0,1.0,0.0,20.0,0.0,0.0,0.0,1.32,0.49,0.0
217,2021-05-17,0.0,0.0,1.0,0.0,0.0,0.0,0.0,3.0,0.0,0.0,2.0,1.0,0.0,0.0,1.0,0.0,20.0,0.0,0.0,0.0,1.32,0.49,0.0
218,2021-05-18,0.0,0.0,1.0,0.0,0.0,0.0,0.0,3.0,0.0,0.0,2.0,1.0,0.0,0.0,1.0,0.0,20.0,0.0,0.0,0.0,1.53,0.49,0.0
219,2021-05-19,0.0,0.0,1.0,0.0,0.0,0.0,0.0,3.0,0.0,0.0,2.0,1.0,0.0,0.0,1.0,0.0,20.0,0.0,0.0,0.0,1.53,0.49,0.0
220,2021-05-20,0.0,0.0,1.0,0.0,0.0,0.0,0.0,3.0,0.0,0.0,2.0,1.0,0.0,0.0,1.0,0.0,20.0,0.0,0.0,0.0,1.53,0.49,0.0
221,2021-05-21,0.0,0.0,1.0,0.0,0.0,0.0,0.0,3.0,0.0,0.0,2.0,1.0,0.0,0.0,1.0,0.0,20.0,0.0,0.0,0.0,1.53,0.49,0.0
222,2021-05-22,0.0,0.0,1.0,0.0,0.0,0.0,0.0,3.0,0.0,0.0,2.0,1.0,0.0,0.0,1.0,0.0,20.0,0.0,0.0,0.0,1.53,0.49,0.0
223,2021-05-23,0.0,0.0,1.0,0.0,0.0,0.0,0.0,3.0,0.0,0.0,2.0,1.0,0.0,0.0,1.0,0.0,20.0,0.0,0.0,0.0,1.53,0.49,0.0
224,2021-05-24,0.0,0.0,1.0,0.0,0.0,0.0,0.0,3.0,0.0,0.0,2.0,1.0,0.0,0.0,1.0,0.0,20.0,0.0,0.0,0.0,1.53,0.49,0.0
225,2021-05-25,0.0,0.0,1.0,0.0,0.0,0.0,0.0,3.0,0.0,0.0,2.0,1.0,0.0,0.0,1.0,0.0,20.0,0.0,0.0,0.0,1.85,0.49,0.0
226,2021-05-26,0.0,0.0,1.0,0.0,0.0,0.0,0.0,3.0,0.0,0.0,2.0,1.0,0.0,0.0,1.0,0.0,20.0,0.0,0.0,0.0,1.85,0.49,0.0
227,2021-05-27,0.0,0.0,1.0,0.0,0.0,0.0,0.0,3.0,0.0,0.0,2.0,1.0,0.0,0.0,1.0,0.0,20.0,0.0,0.0,0.0,1.85,0.49,0.0
228,2021-05-28,0.0,0.0,1.0,0.0,0.0,0.0,0.0,3.0,0.0,0.0,2.0,1.0,0.0,0.0,1.0,0.0,20.0,0.0,0.0,0.0,1.85,0.49,0.0
229,2021-05-29,0.0,0.0,1.0,0.0,0.0,0.0,0.0,3.0,0.0,0.0,2.0,1.0,0.0,0.0,1.0,0.0,20.0,0.0,0.0,0.0,1.85,0.49,0.0
230,2021-05-30,0.0,0.0,1.0,0.0,0.0,0.0,0.0,3.0,0.0,0.0,2.0,1.0,0.0,0.0,1.0,0.0,20.0,0.0,0.0,0.0,1.85,0.49,0.0
231,2021-05-31,0.0,0.0,1.0,0.0,0.0,0.0,0.0,3.0,0.0,0.0,2.0,1.0,0.0,0.0,1.0,0.0,20.0,0.0,0.0,0.0,1.85,0.49,0.0
232,2021-06-01,0.0,0.0,1.0,0.0,0.0,0.0,0.0,3.0,0.0,0.0,2.0,1.0,0.0,0.0,1.0,0.0,20.0,0.0,0.0,0.0,1.85,0.49,0.0
233,2021-06-02,0.0,0.0,1.0,0.0,0.0,0.0,0.0,3.0,0.0,0.0,2.0,1.0,0.0,0.0,1.0,0.0,20.0,0.0,0.0,0.0,1.85,0.49,0.0
234,2021-06-03,0.0,0.0,1.0,0.0,0.0,0.0,0.0,3.0,0.0,0.0,2.0,1.0,0.0,0.0,1.0,0.0,20.0,0.0,0.0,0.0,1.85,0.49,0.0
235,2021-06-04,0.0,0.0,1.0,0.0,0.0,0.0,0.0,3.0,0.0,0.0,2.0,1.0,0.0,0.0,1.0,0.0,20.0,0.0,0.0,0.0,1.85,0.49,0.0
236,2021-06-05,0.0,0.0,1.0,0.0,0.0,0.0,0.0,3.0,0.0,0.0,2.0,1.0,0.0,0.0,1.0,0.0,20.0,0.0,0.0,0.0,1.85,0.49,0.0
237,2021-06-06,0.0,0.0,1.0,0.0,0.0,0.0,0.0,3.0,0.0,0.0,2.0,1.0,0.0,0.0,1.0,0.0,20.0,0.0,0.0,0.0,1.85,0.49,0.0
238,2021-06-07,0.0,0.0,1.0,0.0,0.0,0.0,0.0,3.0,0.0,0.0,2.0,1.0,0.0,0.0,1.0,0.0,20.0,0.0,0.0,0.0,1.85,0.49,0.0
239,2021-06-08,0.0,0.0,1.0,0.0,0.0,0.0,0.0,3.0,0.0,0.0,2.0,1.0,0.0,0.0,1.0,0.0,20.0,0.0,0.0,0.0,2.4,0.49,0.0
240,2021-06-09,0.0,0.0,1.0,0.0,0.0,0.0,0.0,3.0,0.0,0.0,2.0,1.0,0.0,0.0,1.0,0.0,20.0,0.0,0.0,0.0,2.4,0.49,0.0
241,2021-06-10,0.0,0.0,1.0,0.0,0.0,0.0,0.0,3.0,0.0,0.0,2.0,1.0,0.0,0.0,1.0,0.0,20.0,0.0,0.0,0.0,2.4,0.49,0.0
242,2021-06-11,0.0,0.0,1.0,0.0,0.0,0.0,0.0,3.0,0.0,0.0,2.0,1.0,0.0,0.0,1.0,0.0,20.0,0.0,0.0,0.0,2.4,0.49,0.0
243,2021-06-12,0.0,0.0,1.0,0.0,0.0,0.0,0.0,3.0,0.0,0.0,2.0,1.0,0.0,0.0,1.0,0.0,20.0,0.0,0.0,0.0,2.4,0.49,0.0
244,2021-06-13,0.0,0.0,1.0,0.0,0.0,0.0,0.0,3.0,0.0,0.0,2.0,1.0,0.0,0.0,1.0,0.0,20.0,0.0,0.0,0.0,2.4,0.49,0.0
245,2021-06-14,0.0,0.0,1.0,0.0,0.0,0.0,0.0,3.0,0.0,0.0,2.0,1.0,0.0,0.0,1.0,0.0,20.0,0.0,0.0,0.0,2.4,0.49,0.0
246,2021-06-15,0.0,0.0,1.0,0.0,0.0,0.0,0.0,3.0,0.0,0.0,2.0,1.0,0.0,0.0,1.0,0.0,20.0,0.0,0.0,0.0,2.4,0.49,0.0
247,2021-06-16,0.0,0.0,1.0,0.0,0.0,0.0,0.0,3.0,0.0,0.0,2.0,1.0,0.0,0.0,1.0,0.0,20.0,0.0,0.0,0.0,2.4,0.49,0.0
248,2021-06-17,0.0,0.0,1.0,0.0,0.0,0.0,0.0,3.0,0.0,0.0,2.0,1.0,0.0,0.0,1.0,0.0,20.0,0.0,0.0,0.0,2.4,0.49,0.0
249,2021-06-18,0.0,0.0,1.0,0.0,0.0,0.0,0.0,3.0,0.0,0.0,2.0,1.0,0.0,0.0,1.0,0.0,20.0,0.0,0.0,0.0,2.4,0.49,0.0
250,2021-06-19,0.0,0.0,1.0,0.0,0.0,0.0,0.0,3.0,0.0,0.0,2.0,1.0,0.0,0.0,1.0,0.0,20.0,0.0,0.0,0.0,2.4,0.49,0.0
251,2021-06-20,0.0,0.0,1.0,0.0,0.0,0.0,0.0,3.0,0.0,0.0,2.0,1.0,0.0,0.0,1.0,0.0,20.0,0.0,0.0,0.0,2.4,0.49,0.0
252,2021-06-21,0.0,0.0,1.0,0.0,0.0,0.0,0.0,3.0,0.0,0.0,2.0,1.0,0.0,0.0,1.0,0.0,20.0,0.0,0.0,0.0,2.55,0.49,0.0
253,2021-06-22,0.0,0.0,1.0,0.0,0.0,0.0,0.0,3.0,0.0,0.0,2.0,1.0,0.0,0.0,1.0,0.0,20.0,0.0,0.0,0.0,2.55,0.49,0.0
254,2021-06-23,0.0,0.0,1.0,0.0,0.0,0.0,0.0,3.0,0.0,0.0,2.0,1.0,0.0,0.0,1.0,0.0,20.0,0.0,0.0,0.0,2.55,0.49,0.0
255,2021-06-24,0.0,0.0,1.0,0.0,0.0,0.0,0.0,3.0,0.0,0.0,2.0,1.0,0.0,0.0,1.0,0.0,20.0,0.0,0.0,0.0,2.55,0.49,0.0
256,2021-06-25,0.0,0.0,1.0,0.0,0.0,0.0,0.0,3.0,0.0,0.0,2.0,1.0,0.0,0.0,1.0,0.0,20.0,0.0,0.0,0.0,2.55,0.49,0.0
257,2021-06-26,0.0,0.0,1.0,0.0,0.0,0.0,0.0,3.0,0.0,0.0,2.0,1.0,0.0,0.0,1.0,0.0,20.0,0.0,0.0,0.0,2.55,0.49,0.0
258,2021-06-27,0.0,0.0,1.0,0.0,0.0,0.0,0.0,3.0,0.0,0.0,2.0,1.0,0.0,0.0,1.0,0.0,20.0,0.0,0.0,0.0,2.55,0.49,0.0
259,2021-06-28,0.0,0.0,1.0,0.0,0.0,0.0,0.0,3.0,0.0,0.0,2.0,1.0,0.0,0.0,1.0,0.0,20.0,0.0,0.0,0.0,2.55,0.49,0.0
260,2021-06-29,0.0,0.0,1.0,0.0,0.0,0.0,0.0,3.0,0.0,0.0,2.0,1.0,0.0,0.0,1.0,0.0,20.0,0.0,0.0,0.0,2.55,0.52,0.0
261,2021-06-30,0.0,0.0,1.0,0.0,0.0,0.0,0.0,3.0,0.0,0.0,2.0,1.0,0.0,0.0,1.0,0.0,20.0,0.0,0.0,0.0,2.55,0.52,0.0
262,2021-07-01,0.0,0.0,1.0,0.0,0.0,0.0,0.0,3.0,0.0,0.0,2.0,1.0,0.0,0.0,1.0,0.0,20.0,0.0,0.0,0.0,2.55,0.52,0.0
263,2021-07-02,0.0,0.0,1.0,0.0,0.0,0.0,0.0,3.0,0.0,0.0,2.0,1.0,0.0,0.0,1.0,0.0,20.0,0.0,0.0,0.0,2.55,0.52,0.0
264,2021-07-03,0.0,0.0,1.0,0.0,0.0,0.0,0.0,3.0,0.0,0.0,2.0,1.0,0.0,0.0,1.0,0.0,20.0,0.0,0.0,0.0,2.55,0.52,0.0
265,2021-07-04,0.0,0.0,1.0,0.0,0.0,0.0,0.0,3.0,0.0,0.0,2.0,1.0,0.0,0.0,1.0,0.0,20.0,0.0,0.0,0.0,2.55,0.52,0.0
266,2021-07-05,0.0,0.0,1.0,0.0,0.0,0.0,0.0,3.0,0.0,0.0,2.0,1.0,0.0,0.0,1.0,0.0,20.0,0.0,0.0,0.0,2.55,0.52,0.0
267,2021-07-06,0.0,0.0,1.0,0.0,0.0,0.0,0.0,3.0,0.0,0.0,2.0,1.0,0.0,0.0,1.0,0.0,20.0,0.0,0.0,0.0,2.55,0.52,0.0
268,2021-07-07,0.0,0.0,1.0,0.0,0.0,0.0,0.0,3.0,0.0,0.0,2.0,1.0,0.0,0.0,1.0,0.0,20.0,0.0,0.0,0.0,2.55,0.52,0.0
269,2021-07-08,0.0,0.0,1.0,0.0,0.0,0.0,0.0,3.0,0.0,0.0,2.0,1.0,0.0,0.0,1.0,0.0,20.0,0.0,0.0,0.0,2.55,0.52,0.0
270,2021-07-09,0.0,0.0,1.0,0.0,0.0,0.0,0.0,3.0,0.0,0.0,2.0,1.0,0.0,0.0,1.0,0.0,20.0,0.0,0.0,0.0,2.55,0.52,0.0
271,2021-07-10,0.0,0.0,1.0,0.0,0.0,0.0,0.0,3.0,0.0,0.0,2.0,1.0,0.0,0.0,1.0,0.0,20.0,0.0,0.0,0.0,2.55,0.52,0.0
272,2021-07-11,0.0,0.0,1.0,0.0,0.0,0.0,0.0,3.0,0.0,0.0,2.0,1.0,0.0,0.0,1.0,0.0,20.0,0.0,0.0,0.0,2.55,0.52,0.0
273,2021-07-12,0.0,0.0,1.0,0.0,0.0,0.0,0.0,3.0,0.0,0.0,2.0,1.0,0.0,0.0,1.0,0.0,20.0,0.0,0.0,0.0,2.55,0.52,0.0
274,2021-07-13,0.0,0.0,1.0,0.0,0.0,0.0,0.0,3.0,0.0,0.0,2.0,1.0,0.0,0.0,1.0,0.0,20.0,0.0,0.0,0.0,2.77,0.85,0.0
275,2021-07-14,0.0,0.0,1.0,0.0,0.0,0.0,0.0,3.0,0.0,0.0,2.0,1.0,0.0,0.0,1.0,0.0,20.0,0.0,0.0,0.0,2.77,0.85,0.0
276,2021-07-15,0.0,0.0,1.0,0.0,0.0,0.0,0.0,3.0,0.0,0.0,2.0,1.0,0.0,0.0,1.0,0.0,20.0,0.0,0.0,0.0,2.77,0.85,0.0
277,2021-07-16,0.0,0.0,1.0,0.0,0.0,0.0,0.0,3.0,0.0,0.0,2.0,1.0,0.0,0.0,1.0,0.0,20.0,0.0,0.0,0.0,2.77,0.85,0.0
278,2021-07-17,0.0,0.0,1.0,0.0,0.0,0.0,0.0,3.0,0.0,0.0,2.0,1.0,0.0,0.0,1.0,0.0,20.0,0.0,0.0,0.0,2.77,0.85,0.0
279,2021-07-18,0.0,0.0,1.0,0.0,0.0,0.0,0.0,3.0,0.0,0.0,2.0,1.0,0.0,0.0,1.0,0.0,20.0,0.0,0.0,0.0,2.77,0.85,0.0
280,2021-07-19,0.0,0.0,1.0,0.0,0.0,0.0,0.0,3.0,0.0,0.0,2.0,1.0,0.0,0.0,1.0,0.0,20.0,0.0,0.0,0.0,2.77,0.85,0.0
281,2021-07-20,0.0,0.0,1.0,0.0,0.0,0.0,2.0,4.0,0.0,0.0,2.0,3.0,0.0,1.0,5.0,0.0,20.0,0.0,0.0,0.0,2.9,1.03,0.0
282,2021-07-21,0.0,0.0,1.0,0.0,0.0,0.0,2.0,4.0,0.0,0.0,2.0,3.0,0.0,1.0,5.0,0.0,20.0,0.0,0.0,0.0,2.9,1.03,0.0
283,2021-07-22,0.0,0.0,1.0,0.0,0.0,0.0,2.0,4.0,0.0,0.0,2.0,3.0,0.0,1.0,5.0,0.0,20.0,0.0,0.0,0.0,2.9,1.03,0.0
284,2021-07-23,0.0,0.0,1.0,0.0,0.0,0.0,2.0,4.0,0.0,0.0,2.0,3.0,0.0,1.0,5.0,0.0,20.0,0.0,0.0,0.0,2.9,1.03,0.0
285,2021-07-24,0.0,0.0,1.0,0.0,0.0,0.0,2.0,4.0,0.0,0.0,2.0,3.0,0.0,1.0,5.0,0.0,20.0,0.0,0.0,0.0,2.9,1.03,0.0
286,2021-07-25,0.0,0.0,1.0,0.0,0.0,0.0,2.0,4.0,0.0,0.0,2.0,3.0,0.0,1.0,5.0,0.0,20.0,0.0,0.0,0.0,2.9,1.03,0.0
287,2021-07-26,0.0,0.0,1.0,0.0,0.0,0.0,2.0,4.0,0.0,0.0,2.0,3.0,0.0,1.0,5.0,0.0,20.0,0.0,0.0,0.0,2.9,1.03,0.0
288,2021-07-27,0.0,0.0,1.0,0.0,0.0,0.0,2.0,4.0,0.0,0.0,2.0,3.0,0.0,1.0,5.0,0.0,20.0,0.0,0.0,0.0,4.16,1.4,0.0
289,2021-07-28,0.0,0.0,1.0,0.0,0.0,0.0,2.0,4.0,0.0,0.0,2.0,3.0,0.0,1.0,5.0,0.0,20.0,0.0,0.0,0.0,4.16,1.4,0.0
290,2021-07-29,0.0,0.0,1.0,0.0,0.0,0.0,2.0,4.0,0.0,0.0,2.0,3.0,0.0,1.0,5.0,0.0,20.0,0.0,0.0,0.0,4.16,1.4,0.0
291,2021-07-30,0.0,0.0,1.0,0.0,0.0,0.0,2.0,4.0,0.0,0.0,2.0,3.0,0.0,1.0,5.0,0.0,20.0,0.0,0.0,0.0,4.16,1.4,0.0
292,2021-07-31,0.0,0.0,1.0,0.0,0.0,0.0,2.0,4.0,0.0,0.0,2.0,3.0,0.0,1.0,5.0,0.0,20.0,0.0,0.0,0.0,4.16,1.4,0.0
293,2021-08-01,0.0,0.0,1.0,0.0,0.0,0.0,2.0,4.0,0.0,0.0,2.0,3.0,0.0,1.0,5.0,0.0,20.0,0.0,0.0,0.0,4.16,1.4,0.0
294,2021-08-02,0.0,0.0,1.0,0.0,0.0,0.0,2.0,4.0,0.0,0.0,2.0,3.0,0.0,1.0,5.0,0.0,20.0,0.0,0.0,0.0,4.16,1.55,0.0
295,2021-08-03,0.0,0.0,1.0,0.0,0.0,0.0,2.0,4.0,0.0,0.0,2.0,3.0,0.0,1.0,5.0,0.0,20.0,0.0,0.0,0.0,4.16,1.55,0.0
296,2021-08-04,0.0,0.0,1.0,0.0,0.0,0.0,2.0,4.0,0.0,0.0,2.0,3.0,0.0,1.0,5.0,0.0,20.0,0.0,0.0,0.0,4.16,1.55,0.0
297,2021-08-05,0.0,0.0,1.0,0.0,0.0,0.0,2.0,4.0,0.0,0.0,2.0,3.0,0.0,1.0,5.0,0.0,20.0,0.0,0.0,0.0,4.16,1.55,0.0
298,2021-08-06,0.0,0.0,1.0,0.0,0.0,0.0,2.0,4.0,0.0,0.0,2.0,3.0,0.0,1.0,5.0,0.0,20.0,0.0,0.0,0.0,4.16,1.55,0.0
299,2021-08-07,0.0,0.0,1.0,0.0,0.0,0.0,2.0,4.0,0.0,0.0,2.0,3.0,0.0,1.0,5.0,0.0,20.0,0.0,0.0,0.0,4.16,1.55,0.0
300,2021-08-08,0.0,0.0,1.0,0.0,0.0,0.0,2.0,4.0,0.0,0.0,2.0,3.0,0.0,1.0,5.0,0.0,20.0,0.0,0.0,0.0,4.16,1.55,0.0
301,2021-08-09,0.0,0.0,1.0,0.0,0.0,0.0,2.0,4.0,0.0,0.0,2.0,3.0,0.0,1.0,5.0,0.0,20.0,0.0,0.0,0.0,6.14,1.86,0.0
302,2021-08-10,0.0,0.0,1.0,0.0,0.0,0.0,2.0,4.0,0.0,0.0,2.0,3.0,0.0,1.0,5.0,0.0,20.0,0.0,0.0,0.0,6.14,1.86,0.0
303,2021-08-11,0.0,0.0,1.0,0.0,0.0,0.0,2.0,4.0,0.0,0.0,2.0,3.0,0.0,1.0,5.0,0.0,20.0,0.0,0.0,0.0,6.14,1.86,0.0
304,2021-08-12,0.0,0.0,1.0,0.0,0.0,0.0,2.0,4.0,0.0,0.0,2.0,3.0,0.0,1.0,5.0,0.0,20.0,0.0,0.0,0.0,6.14,1.86,0.0
305,2021-08-13,0.0,0.0,1.0,0.0,0.0,0.0,2.0,4.0,0.0,0.0,2.0,3.0,0.0,1.0,5.0,0.0,20.0,0.0,0.0,0.0,6.14,1.86,0.0
306,2021-08-14,0.0,0.0,1.0,0.0,0.0,0.0,2.0,4.0,0.0,0.0,2.0,3.0,0.0,1.0,5.0,0.0,20.0,0.0,0.0,0.0,6.14,1.86,0.0
307,2021-08-15,0.0,0.0,1.0,0.0,0.0,0.0,2.0,4.0,0.0,0.0,2.0,3.0,0.0,1.0,5.0,0.0,20.0,0.0,0.0,0.0,6.14,1.86,0.0
308,2021-08-16,0.0,0.0,1.0,0.0,0.0,0.0,2.0,4.0,0.0,0.0,2.0,3.0,0.0,1.0,5.0,0.0,20.0,0.0,0.0,0.0,6.91,2.04,0.0
309,2021-08-17,0.0,0.0,1.0,0.0,0.0,0.0,2.0,4.0,0.0,0.0,2.0,3.0,0.0,1.0,5.0,0.0,20.0,0.0,0.0,0.0,6.91,2.04,0.0
310,2021-08-18,0.0,0.0,1.0,0.0,0.0,0.0,2.0,4.0,0.0,0.0,2.0,3.0,0.0,1.0,5.0,0.0,20.0,0.0,0.0,0.0,6.91,2.04,0.0
311,2021-08-19,0.0,0.0,1.0,0.0,0.0,0.0,2.0,4.0,0.0,0.0,2.0,3.0,0.0,1.0,5.0,0.0,20.0,0.0,0.0,0.0,6.91,2.04,0.0
312,2021-08-20,0.0,0.0,1.0,0.0,0.0,0.0,2.0,4.0,0.0,0.0,2.0,3.0,0.0,1.0,5.0,0.0,20.0,0.0,0.0,0.0,6.91,2.04,0.0
313,2021-08-21,0.0,0.0,1.0,0.0,0.0,0.0,2.0,4.0,0.0,0.0,2.0,3.0,0.0,1.0,5.0,0.0,20.0,0.0,0.0,0.0,6.91,2.04,0.0
314,2021-08-22,0.0,0.0,1.0,0.0,0.0,0.0,2.0,4.0,0.0,0.0,2.0,3.0,0.0,1.0,5.0,0.0,20.0,0.0,0.0,0.0,6.91,2.04,0.0
315,2021-08-23,0.0,0.0,1.0,0.0,0.0,0.0,2.0,4.0,0.0,0.0,2.0,3.0,0.0,1.0,5.0,0.0,20.0,0.0,0.0,0.0,6.91,2.04,0.0
316,2021-08-24,0.0,0.0,1.0,0.0,0.0,0.0,2.0,4.0,0.0,0.0,2.0,3.0,0.0,1.0,5.0,0.0,20.0,0.0,0.0,0.0,6.91,2.04,0.0
317,2021-08-25,0.0,0.0,1.0,0.0,0.0,0.0,2.0,4.0,0.0,0.0,2.0,3.0,0.0,1.0,5.0,0.0,20.0,0.0,0.0,0.0,6.91,2.04,0.0
318,2021-08-26,0.0,0.0,1.0,0.0,0.0,0.0,2.0,4.0,0.0,0.0,2.0,3.0,0.0,1.0,5.0,0.0,20.0,0.0,0.0,0.0,6.91,2.04,0.0
319,2021-08-27,0.0,0.0,1.0,0.0,0.0,0.0,2.0,4.0,0.0,0.0,2.0,3.0,0.0,1.0,5.0,0.0,20.0,0.0,0.0,0.0,6.91,2.04,0.0
320,2021-08-28,0.0,0.0,1.0,0.0,0.0,0.0,2.0,4.0,0.0,0.0,2.0,3.0,0.0,1.0,5.0,0.0,20.0,0.0,0.0,0.0,6.91,2.04,0.0
321,2021-08-29,0.0,0.0,1.0,0.0,0.0,0.0,2.0,4.0,0.0,0.0,2.0,3.0,0.0,1.0,5.0,0.0,20.0,0.0,0.0,0.0,6.91,2.04,0.0
322,2021-08-30,0.0,0.0,1.0,0.0,0.0,0.0,2.0,4.0,0.0,0.0,2.0,3.0,0.0,1.0,5.0,0.0,20.0,0.0,0.0,0.0,6.91,2.04,0.0
323,2021-08-31,0.0,0.0,1.0,0.0,0.0,0.0,2.0,4.0,0.0,0.0,2.0,3.0,0.0,1.0,5.0,0.0,20.0,0.0,0.0,0.0,7.63,2.49,0.0
324,2021-09-01,0.0,0.0,1.0,0.0,0.0,0.0,2.0,4.0,0.0,0.0,2.0,3.0,0.0,1.0,5.0,0.0,20.0,0.0,0.0,0.0,7.63,2.49,0.0
325,2021-09-02,0.0,0.0,1.0,0.0,0.0,0.0,2.0,4.0,0.0,0.0,2.0,3.0,0.0,1.0,5.0,0.0,20.0,0.0,0.0,0.0,7.63,2.49,0.0
326,2021-09-03,0.0,0.0,1.0,0.0,0.0,0.0,2.0,4.0,0.0,0.0,2.0,3.0,0.0,1.0,5.0,0.0,20.0,0.0,0.0,0.0,7.63,2.49,0.0
327,2021-09-04,0.0,0.0,1.0,0.0,0.0,0.0,2.0,4.0,0.0,0.0,2.0,3.0,0.0,1.0,5.0,0.0,20.0,0.0,0.0,0.0,7.63,2.49,0.0
328,2021-09-05,0.0,0.0,1.0,0.0,0.0,0.0,2.0,4.0,0.0,0.0,2.0,3.0,0.0,1.0,5.0,0.0,20.0,0.0,0.0,0.0,7.63,2.49,0.0
329,2021-09-06,0.0,0.0,1.0,0.0,0.0,0.0,2.0,4.0,0.0,0.0,2.0,3.0,0.0,1.0,5.0,0.0,20.0,0.0,0.0,0.0,7.63,2.49,0.0
330,2021-09-07,0.0,0.0,1.0,0.0,0.0,0.0,2.0,4.0,0.0,0.0,2.0,3.0,0.0,1.0,5.0,0.0,20.0,0.0,0.0,0.0,7.63,2.49,0.0
331,2021-09-08,0.0,0.0,1.0,0.0,0.0,0.0,2.0,4.0,0.0,0.0,2.0,3.0,0.0,1.0,5.0,0.0,20.0,0.0,0.0,0.0,7.63,2.49,0.0
332,2021-09-09,0.0,0.0,1.0,0.0,0.0,0.0,2.0,4.0,0.0,0.0,2.0,3.0,0.0,1.0,5.0,0.0,20.0,0.0,0.0,0.0,7.63,2.49,0.0
333,2021-09-10,0.0,0.0,1.0,0.0,0.0,0.0,2.0,4.0,0.0,0.0,2.0,3.0,0.0,1.0,5.0,0.0,20.0,0.0,0.0,0.0,7.63,2.49,0.0
334,2021-09-11,0.0,0.0,1.0,0.0,0.0,0.0,2.0,4.0,0.0,0.0,2.0,3.0,0.0,1.0,5.0,0.0,20.0,0.0,0.0,0.0,7.63,2.49,0.0
335,2021-09-12,0.0,0.0,1.0,0.0,0.0,0.0,2.0,4.0,0.0,0.0,2.0,3.0,0.0,1.0,5.0,0.0,20.0,0.0,0.0,0.0,7.63,2.49,0.0
336,2021-09-13,0.0,0.0,1.0,0.0,0.0,0.0,2.0,4.0,0.0,0.0,2.0,3.0,0.0,1.0,5.0,0.0,20.0,0.0,0.0,0.0,7.63,2.49,0.0
337,2021-09-14,0.0,0.0,1.0,0.0,0.0,0.0,0.0,4.0,0.0,0.0,2.0,3.0,0.0,0.0,5.0,0.0,20.0,0.0,0.0,0.0,10.54,3.27,0.0
338,2021-09-15,0.0,0.0,1.0,0.0,0.0,0.0,0.0,4.0,0.0,0.0,2.0,3.0,0.0,0.0,5.0,0.0,20.0,0.0,0.0,0.0,10.54,3.27,0.0
339,2021-09-16,0.0,0.0,1.0,0.0,0.0,0.0,0.0,4.0,0.0,0.0,2.0,3.0,0.0,0.0,5.0,0.0,20.0,0.0,0.0,0.0,10.54,3.27,0.0
340,2021-09-17,0.0,0.0,1.0,0.0,0.0,0.0,0.0,4.0,0.0,0.0,2.0,3.0,0.0,0.0,5.0,0.0,20.0,0.0,0.0,0.0,10.54,3.27,0.0
341,2021-09-18,0.0,0.0,1.0,0.0,0.0,0.0,0.0,4.0,0.0,0.0,2.0,3.0,0.0,0.0,5.0,0.0,20.0,0.0,0.0,0.0,10.54,3.27,0.0
342,2021-09-19,0.0,0.0,1.0,0.0,0.0,0.0,0.0,4.0,0.0,0.0,2.0,3.0,0.0,0.0,5.0,0.0,20.0,0.0,0.0,0.0,10.54,3.27,0.0
343,2021-09-20,0.0,0.0,1.0,0.0,0.0,0.0,0.0,4.0,0.0,0.0,2.0,3.0,0.0,0.0,5.0,0.0,20.0,0.0,0.0,0.0,10.54,3.27,0.0
344,2021-09-21,0.0,0.0,1.0,0.0,0.0,0.0,0.0,4.0,0.0,0.0,2.0,3.0,0.0,0.0,5.0,0.0,20.0,0.0,0.0,0.0,10.54,3.27,0.0
345,2021-09-22,0.0,0.0,1.0,0.0,0.0,0.0,0.0,4.0,0.0,0.0,2.0,3.0,0.0,0.0,5.0,0.0,20.0,0.0,0.0,0.0,10.54,3.27,0.0
346,2021-09-23,0.0,0.0,1.0,0.0,0.0,0.0,0.0,4.0,0.0,0.0,2.0,3.0,0.0,0.0,5.0,0.0,20.0,0.0,0.0,0.0,10.54,3.27,0.0
347,2021-09-24,0.0,0.0,1.0,0.0,0.0,0.0,0.0,4.0,0.0,0.0,2.0,3.0,0.0,0.0,5.0,0.0,20.0,0.0,0.0,0.0,10.54,3.27,0.0
348,2021-09-25,0.0,0.0,1.0,0.0,0.0,0.0,0.0,4.0,0.0,0.0,2.0,3.0,0.0,0.0,5.0,0.0,20.0,0.0,0.0,0.0,10.54,3.27,0.0
349,2021-09-26,0.0,0.0,1.0,0.0,0.0,0.0,0.0,4.0,0.0,0.0,2.0,3.0,0.0,0.0,5.0,0.0,20.0,0.0,0.0,0.0,10.54,3.27,0.0
350,2021-09-27,0.0,0.0,1.0,0.0,0.0,0.0,0.0,4.0,0.0,0.0,2.0,3.0,0.0,0.0,5.0,0.0,20.0,0.0,0.0,0.0,10.54,3.27,0.0
351,2021-09-28,0.0,0.0,1.0,0.0,0.0,0.0,0.0,4.0,0.0,0.0,2.0,3.0,0.0,0.0,5.0,0.0,20.0,0.0,0.0,0.0,10.54,3.27,0.0
352,2021-09-29,0.0,0.0,1.0,0.0,0.0,0.0,0.0,4.0,0.0,0.0,2.0,3.0,0.0,0.0,5.0,0.0,20.0,0.0,0.0,0.0,10.54,3.27,0.0
353,2021-09-30,0.0,0.0,1.0,0.0,0.0,0.0,0.0,4.0,0.0,0.0,2.0,3.0,0.0,0.0,5.0,0.0,20.0,0.0,0.0,0.0,10.54,3.27,0.0
354,2021-10-01,0.0,0.0,1.0,0.0,0.0,0.0,0.0,4.0,0.0,0.0,2.0,3.0,0.0,0.0,5.0,0.0,20.0,0.0,0.0,0.0,10.54,3.27,0.0
355,2021-10-02,0.0,0.0,1.0,0.0,0.0,0.0,0.0,4.0,0.0,0.0,2.0,3.0,0.0,0.0,5.0,0.0,20.0,0.0,0.0,0.0,10.54,3.27,0.0
356,2021-10-03,0.0,0.0,1.0,0.0,0.0,0.0,0.0,4.0,0.0,0.0,2.0,3.0,0.0,0.0,5.0,0.0,20.0,0.0,0.0,0.0,10.54,3.27,0.0
357,2021-10-04,0.0,0.0,1.0,0.0,0.0,0.0,0.0,4.0,0.0,0.0,2.0,3.0,0.0,0.0,5.0,0.0,20.0,0.0,0.0,0.0,10.54,3.27,0.0
358,2021-10-05,0.0,0.0,1.0,0.0,0.0,0.0,0.0,4.0,0.0,0.0,2.0,1.0,0.0,0.0,5.0,0.0,20.0,0.0,0.0,0.0,14.8,3.59,0.0
359,2021-10-06,0.0,0.0,1.0,0.0,0.0,0.0,0.0,4.0,0.0,0.0,2.0,1.0,0.0,0.0,5.0,0.0,20.0,0.0,0.0,0.0,14.8,3.59,0.0
360,2021-10-07,0.0,0.0,1.0,0.0,0.0,0.0,0.0,4.0,0.0,0.0,2.0,1.0,0.0,0.0,5.0,0.0,20.0,0.0,0.0,0.0,14.8,3.59,0.0
361,2021-10-08,0.0,0.0,1.0,0.0,0.0,0.0,0.0,4.0,0.0,0.0,2.0,1.0,0.0,0.0,5.0,0.0,20.0,0.0,0.0,0.0,14.8,3.59,0.0
362,2021-10-09,0.0,0.0,1.0,0.0,0.0,0.0,0.0,4.0,0.0,0.0,2.0,1.0,0.0,0.0,5.0,0.0,20.0,0.0,0.0,0.0,14.8,3.59,0.0
363,2021-10-10,0.0,0.0,1.0,0.0,0.0,0.0,0.0,4.0,0.0,0.0,2.0,1.0,0.0,0.0,5.0,0.0,20.0,0.0,0.0,0.0,14.8,3.59,0.0
364,2021-10-11,0.0,0.0,1.0,0.0,0.0,0.0,0.0,4.0,0.0,0.0,2.0,1.0,0.0,0.0,5.0,0.0,20.0,0.0,0.0,0.0,14.8,3.59,0.0
365,2021-10-12,0.0,0.0,1.0,0.0,0.0,0.0,0.0,4.0,0.0,0.0,2.0,1.0,0.0,0.0,5.0,0.0,20.0,0.0,0.0,0.0,16.02,4.03,0.0
366,2021-10-13,0.0,0.0,1.0,0.0,0.0,0.0,0.0,4.0,0.0,0.0,2.0,1.0,0.0,0.0,5.0,0.0,20.0,0.0,0.0,0.0,16.02,4.03,0.0
367,2021-10-14,0.0,0.0,1.0,0.0,0.0,0.0,0.0,4.0,0.0,0.0,2.0,1.0,0.0,0.0,5.0,0.0,20.0,0.0,0.0,0.0,16.02,4.03,0.0
368,2021-10-15,0.0,0.0,1.0,0.0,0.0,0.0,0.0,4.0,0.0,0.0,2.0,1.0,0.0,0.0,5.0,0.0,20.0,0.0,0.0,0.0,16.02,4.03,0.0
369,2021-10-16,0.0,0.0,1.0,0.0,0.0,0.0,0.0,4.0,0.0,0.0,2.0,1.0,0.0,0.0,5.0,0.0,20.0,0.0,0.0,0.0,16.02,4.03,0.0
370,2021-10-17,0.0,0.0,1.0,0.0,0.0,0.0,0.0,4.0,0.0,0.0,2.0,1.0,0.0,0.0,5.0,0.0,20.0,0.0,0.0,0.0,16.02,4.03,0.0
371,2021-10-18,0.0,0.0,1.0,0.0,0.0,0.0,0.0,4.0,0.0,0.0,2.0,1.0,0.0,0.0,5.0,0.0,20.0,0.0,0.0,0.0,16.02,4.03,0.0
372,2021-10-19,0.0,0.0,1.0,0.0,0.0,0.0,0.0,4.0,0.0,0.0,2.0,1.0,0.0,0.0,5.0,0.0,20.0,0.0,0.0,0.0,16.02,4.03,0.0
373,2021-10-20,0.0,0.0,1.0,0.0,0.0,0.0,0.0,4.0,0.0,0.0,2.0,1.0,0.0,0.0,5.0,0.0,20.0,0.0,0.0,0.0,16.02,4.03,0.0
374,2021-10-21,0.0,0.0,1.0,0.0,0.0,0.0,0.0,4.0,0.0,0.0,2.0,1.0,0.0,0.0,5.0,0.0,20.0,0.0,0.0,0.0,16.02,4.03,0.0
375,2021-10-22,0.0,0.0,1.0,0.0,0.0,0.0,0.0,4.0,0.0,0.0,2.0,1.0,0.0,0.0,5.0,0.0,20.0,0.0,0.0,0.0,16.02,4.03,0.0
376,2021-10-23,0.0,0.0,1.0,0.0,0.0,0.0,0.0,4.0,0.0,0.0,2.0,1.0,0.0,0.0,5.0,0.0,20.0,0.0,0.0,0.0,16.02,4.03,0.0
377,2021-10-24,0.0,0.0,1.0,0.0,0.0,0.0,0.0,4.0,0.0,0.0,2.0,1.0,0.0,0.0,5.0,0.0,20.0,0.0,0.0,0.0,16.02,4.03,0.0
378,2021-10-25,0.0,0.0,1.0,0.0,0.0,0.0,0.0,4.0,0.0,0.0,2.0,1.0,0.0,0.0,5.0,0.0,20.0,0.0,0.0,0.0,17.2,4.39,0.0
379,2021-10-26,0.0,0.0,1.0,0.0,0.0,0.0,0.0,4.0,0.0,0.0,2.0,1.0,0.0,0.0,5.0,0.0,20.0,0.0,0.0,0.0,17.2,4.39,0.0
380,2021-10-27,0.0,0.0,1.0,0.0,0.0,0.0,0.0,4.0,0.0,0.0,2.0,1.0,0.0,0.0,5.0,0.0,20.0,0.0,0.0,0.0,17.2,4.39,0.0
381,2021-10-28,0.0,0.0,1.0,0.0,0.0,0.0,0.0,4.0,0.0,0.0,2.0,1.0,0.0,0.0,5.0,0.0,20.0,0.0,0.0,0.0,17.2,4.39,0.0
382,2021-10-29,0.0,0.0,1.0,0.0,0.0,0.0,0.0,4.0,0.0,0.0,2.0,1.0,0.0,0.0,5.0,0.0,20.0,0.0,0.0,0.0,17.2,4.39,0.0
383,2021-10-30,0.0,0.0,1.0,0.0,0.0,0.0,0.0,4.0,0.0,0.0,2.0,1.0,0.0,0.0,5.0,0.0,20.0,0.0,0.0,0.0,17.2,4.39,0.0
384,2021-10-31,0.0,0.0,1.0,0.0,0.0,0.0,0.0,4.0,0.0,0.0,2.0,1.0,0.0,0.0,5.0,0.0,20.0,0.0,0.0,0.0,17.2,4.39,0.0
385,2021-11-01,0.0,0.0,1.0,0.0,0.0,0.0,0.0,4.0,0.0,0.0,2.0,1.0,0.0,0.0,5.0,0.0,20.0,0.0,0.0,0.0,17.2,4.39,0.0
386,2021-11-02,0.0,0.0,1.0,0.0,0.0,0.0,0.0,4.0,0.0,0.0,2.0,1.0,0.0,0.0,5.0,0.0,20.0,0.0,0.0,0.0,17.2,4.39,0.0
387,2021-11-03,0.0,0.0,1.0,0.0,0.0,0.0,0.0,4.0,0.0,0.0,2.0,1.0,0.0,0.0,5.0,0.0,20.0,0.0,0.0,0.0,17.2,4.39,0.0
388,2021-11-04,0.0,0.0,1.0,0.0,0.0,0.0,0.0,4.0,0.0,0.0,2.0,1.0,0.0,0.0,5.0,0.0,20.0,0.0,0.0,0.0,17.2,4.39,0.0
389,2021-11-05,0.0,0.0,1.0,0.0,0.0,0.0,0.0,4.0,0.0,0.0,2.0,1.0,0.0,0.0,5.0,0.0,20.0,0.0,0.0,0.0,17.2,4.39,0.0
390,2021-11-06,0.0,0.0,1.0,0.0,0.0,0.0,0.0,4.0,0.0,0.0,2.0,1.0,0.0,0.0,5.0,0.0,20.0,0.0,0.0,0.0,17.2,4.39,0.0
391,2021-11-07,0.0,0.0,1.0,0.0,0.0,0.0,0.0,4.0,0.0,0.0,2.0,1.0,0.0,0.0,5.0,0.0,20.0,0.0,0.0,0.0,17.2,4.39,0.0
392,2021-11-08,0.0,0.0,1.0,0.0,0.0,0.0,0.0,4.0,0.0,0.0,2.0,1.0,0.0,0.0,5.0,0.0,20.0,0.0,0.0,0.0,19.21,5.02,0.0
393,2021-11-09,0.0,0.0,1.0,0.0,0.0,0.0,0.0,4.0,0.0,0.0,2.0,1.0,0.0,0.0,5.0,0.0,20.0,0.0,0.0,0.0,19.21,5.02,0.0
394,2021-11-10,0.0,0.0,1.0,0.0,0.0,0.0,0.0,4.0,0.0,0.0,2.0,1.0,0.0,0.0,5.0,0.0,20.0,0.0,0.0,0.0,19.21,5.02,0.0
395,2021-11-11,0.0,0.0,1.0,0.0,0.0,0.0,0.0,4.0,0.0,0.0,2.0,1.0,0.0,0.0,5.0,0.0,20.0,0.0,0.0,0.0,19.21,5.02,0.0
396,2021-11-12,0.0,0.0,1.0,0.0,0.0,0.0,0.0,4.0,0.0,0.0,2.0,1.0,0.0,0.0,5.0,0.0,20.0,0.0,0.0,0.0,19.21,5.02,0.0
397,2021-11-13,0.0,0.0,1.0,0.0,0.0,0.0,0.0,4.0,0.0,0.0,2.0,1.0,0.0,0.0,5.0,0.0,20.0,0.0,0.0,0.0,19.21,5.02,0.0
398,2021-11-14,0.0,0.0,1.0,0.0,0.0,0.0,0.0,4.0,0.0,0.0,2.0,1.0,0.0,0.0,5.0,0.0,20.0,0.0,0.0,0.0,19.21,5.02,0.0
399,2021-11-15,0.0,0.0,1.0,0.0,0.0,0.0,0.0,4.0,0.0,0.0,2.0,1.0,0.0,0.0,5.0,0.0,20.0,0.0,0.0,0.0,19.21,5.02,0.0
400,2021-11-16,0.0,0.0,0.0,0.0,0.0,0.0,0.0,2.0,0.0,0.0,2.0,1.0,0.0,0.0,5.0,0.0,20.0,0.0,0.0,0.0,19.21,5.02,0.0
401,2021-11-17,0.0,0.0,0.0,0.0,0.0,0.0,0.0,2.0,0.0,0.0,2.0,1.0,0.0,0.0,5.0,0.0,20.0,0.0,0.0,0.0,19.21,5.02,0.0
402,2021-11-18,0.0,0.0,0.0,0.0,0.0,0.0,0.0,2.0,0.0,0.0,2.0,1.0,0.0,0.0,5.0,0.0,20.0,0.0,0.0,0.0,19.21,5.02,0.0
403,2021-11-19,0.0,0.0,0.0,0.0,0.0,0.0,0.0,2.0,0.0,0.0,2.0,1.0,0.0,0.0,5.0,0.0,20.0,0.0,0.0,0.0,19.21,5.02,0.0
404,2021-11-20,0.0,0.0,0.0,0.0,0.0,0.0,0.0,2.0,0.0,0.0,2.0,1.0,0.0,0.0,5.0,0.0,20.0,0.0,0.0,0.0,19.21,5.02,0.0
405,2021-11-21,0.0,0.0,0.0,0.0,0.0,0.0,0.0,2.0,0.0,0.0,2.0,1.0,0.0,0.0,5.0,0.0,20.0,0.0,0.0,0.0,19.21,5.02,0.0
406,2021-11-22,0.0,0.0,0.0,0.0,0.0,0.0,0.0,2.0,0.0,0.0,2.0,1.0,0.0,0.0,5.0,0.0,20.0,0.0,0.0,0.0,21.3,6.08,0.0
407,2021-11-23,0.0,0.0,0.0,0.0,0.0,0.0,0.0,2.0,0.0,0.0,2.0,1.0,0.0,0.0,5.0,0.0,20.0,0.0,0.0,0.0,21.3,6.08,0.0
408,2021-11-24,0.0,0.0,0.0,0.0,0.0,0.0,0.0,2.0,0.0,0.0,2.0,1.0,0.0,0.0,5.0,0.0,20.0,0.0,0.0,0.0,21.3,6.08,0.0
409,2021-11-25,0.0,0.0,0.0,0.0,0.0,0.0,0.0,2.0,0.0,0.0,2.0,1.0,0.0,0.0,5.0,0.0,20.0,0.0,0.0,0.0,21.3,6.08,0.0
410,2021-11-26,0.0,0.0,0.0,0.0,0.0,0.0,0.0,2.0,0.0,0.0,2.0,1.0,0.0,0.0,5.0,0.0,20.0,0.0,0.0,0.0,21.3,6.08,0.0
411,2021-11-27,0.0,0.0,0.0,0.0,0.0,0.0,0.0,2.0,0.0,0.0,2.0,1.0,0.0,0.0,5.0,0.0,20.0,0.0,0.0,0.0,21.3,6.08,0.0
412,2021-11-28,0.0,0.0,0.0,0.0,0.0,0.0,0.0,2.0,0.0,0.0,2.0,1.0,0.0,0.0,5.0,0.0,20.0,0.0,0.0,0.0,21.3,6.08,0.0
413,2021-11-29,0.0,0.0,0.0,0.0,0.0,0.0,0.0,4.0,0.0,0.0,2.0,2.0,0.0,0.0,5.0,0.0,20.0,0.0,0.0,0.0,21.3,6.08,0.0
414,2021-11-30,0.0,0.0,0.0,0.0,0.0,0.0,0.0,4.0,0.0,0.0,2.0,2.0,0.0,0.0,5.0,0.0,20.0,0.0,0.0,0.0,22.82,6.57,0.0
415,2021-12-01,0.0,0.0,0.0,0.0,0.0,0.0,0.0,4.0,0.0,0.0,2.0,2.0,0.0,0.0,5.0,0.0,20.0,0.0,0.0,0.0,22.82,6.57,0.0
416,2021-12-02,0.0,0.0,0.0,0.0,0.0,0.0,0.0,4.0,0.0,0.0,2.0,2.0,0.0,0.0,5.0,0.0,20.0,0.0,0.0,0.0,22.82,6.57,0.0
417,2021-12-03,0.0,0.0,0.0,0.0,0.0,0.0,0.0,4.0,0.0,0.0,2.0,2.0,0.0,0.0,5.0,0.0,20.0,0.0,0.0,0.0,22.82,6.57,0.0
418,2021-12-04,0.0,0.0,0.0,0.0,0.0,0.0,0.0,4.0,0.0,0.0,2.0,2.0,0.0,0.0,5.0,0.0,20.0,0.0,0.0,0.0,22.82,6.57,0.0
419,2021-12-05,0.0,0.0,0.0,0.0,0.0,0.0,0.0,4.0,0.0,0.0,2.0,2.0,0.0,0.0,5.0,0.0,20.0,0.0,0.0,0.0,22.82,6.57,0.0
420,2021-12-06,0.0,0.0,0.0,0.0,0.0,0.0,0.0,4.0,0.0,0.0,2.0,2.0,0.0,0.0,5.0,0.0,20.0,0.0,0.0,0.0,22.82,6.57,0.0
421,2021-12-07,0.0,0.0,0.0,0.0,0.0,0.0,0.0,4.0,0.0,0.0,2.0,2.0,0.0,0.0,5.0,0.0,20.0,0.0,0.0,0.0,22.82,6.57,0.0
422,2021-12-08,0.0,0.0,0.0,0.0,0.0,0.0,0.0,4.0,0.0,0.0,2.0,2.0,0.0,0.0,5.0,0.0,20.0,0.0,0.0,0.0,22.82,6.57,0.0
423,2021-12-09,0.0,0.0,0.0,0.0,0.0,0.0,0.0,4.0,0.0,0.0,2.0,2.0,0.0,0.0,5.0,0.0,20.0,0.0,0.0,0.0,22.82,6.57,0.0
424,2021-12-10,0.0,0.0,0.0,0.0,0.0,0.0,0.0,4.0,0.0,0.0,2.0,2.0,0.0,0.0,5.0,0.0,20.0,0.0,0.0,0.0,22.82,6.57,0.0
425,2021-12-11,0.0,0.0,0.0,0.0,0.0,0.0,0.0,4.0,0.0,0.0,2.0,2.0,0.0,0.0,5.0,0.0,20.0,0.0,0.0,0.0,22.82,6.57,0.0
426,2021-12-12,0.0,0.0,0.0,0.0,0.0,0.0,0.0,4.0,0.0,0.0,2.0,2.0,0.0,0.0,5.0,0.0,20.0,0.0,0.0,0.0,22.82,6.57,0.0
427,2021-12-13,0.0,0.0,0.0,0.0,0.0,0.0,0.0,4.0,0.0,0.0,2.0,2.0,0.0,0.0,5.0,0.0,20.0,0.0,0.0,0.0,24.95,7.39,0.0
428,2021-12-14,0.0,0.0,0.0,0.0,0.0,0.0,0.0,4.0,0.0,0.0,2.0,2.0,0.0,0.0,5.0,0.0,20.0,0.0,0.0,0.0,24.95,7.39,0.0
429,2021-12-15,0.0,0.0,0.0,0.0,0.0,0.0,0.0,4.0,0.0,0.0,2.0,2.0,0.0,0.0,5.0,0.0,20.0,0.0,0.0,0.0,24.95,7.39,0.0
430,2021-12-16,0.0,0.0,0.0,0.0,0.0,0.0,0.0,4.0,0.0,0.0,2.0,2.0,0.0,0.0,5.0,0.0,20.0,0.0,0.0,0.0,24.95,7.39,0.0
431,2021-12-17,0.0,0.0,0.0,0.0,0.0,0.0,0.0,4.0,0.0,0.0,2.0,2.0,0.0,0.0,5.0,0.0,20.0,0.0,0.0,0.0,24.95,7.39,0.0
432,2021-12-18,0.0,0.0,0.0,0.0,0.0,0.0,0.0,4.0,0.0,0.0,2.0,2.0,0.0,0.0,5.0,0.0,20.0,0.0,0.0,0.0,24.95,7.39,0.0
433,2021-12-19,0.0,0.0,0.0,0.0,0.0,0.0,0.0,4.0,0.0,0.0,2.0,2.0,0.0,0.0,5.0,0.0,20.0,0.0,0.0,0.0,24.95,7.39,0.0
434,2021-12-20,0.0,0.0,0.0,0.0,0.0,0.0,0.0,4.0,0.0,0.0,2.0,2.0,0.0,0.0,5.0,0.0,20.0,0.0,0.0,0.0,25.43,7.9,0.0
435,2021-12-21,0.0,0.0,0.0,0.0,0.0,0.0,0.0,4.0,0.0,0.0,2.0,2.0,0.0,0.0,5.0,0.0,20.0,0.0,0.0,0.0,25.43,7.9,0.0
436,2021-12-22,0.0,0.0,0.0,0.0,0.0,0.0,0.0,4.0,0.0,0.0,2.0,2.0,0.0,0.0,5.0,0.0,20.0,0.0,0.0,0.0,25.43,7.9,0.0
437,2021-12-23,0.0,0.0,0.0,0.0,0.0,0.0,0.0,4.0,0.0,0.0,2.0,2.0,0.0,0.0,5.0,0.0,20.0,0.0,0.0,0.0,25.43,7.9,0.0
438,2021-12-24,0.0,0.0,0.0,0.0,0.0,0.0,0.0,4.0,0.0,0.0,2.0,2.0,0.0,0.0,5.0,0.0,20.0,0.0,0.0,0.0,25.43,7.9,0.0
439,2021-12-25,0.0,0.0,0.0,0.0,0.0,0.0,0.0,4.0,0.0,0.0,2.0,2.0,0.0,0.0,5.0,0.0,20.0,0.0,0.0,0.0,25.43,7.9,0.0
440,2021-12-26,0.0,0.0,0.0,0.0,0.0,0.0,0.0,4.0,0.0,0.0,2.0,2.0,0.0,0.0,5.0,0.0,20.0,0.0,0.0,0.0,25.43,7.9,0.0
441,2021-12-27,0.0,0.0,0.0,0.0,0.0,0.0,0.0,4.0,0.0,0.0,2.0,2.0,0.0,0.0,5.0,0.0,22.0,2.0,0.0,0.0,25.43,7.9,0.0
442,2021-12-28,0.0,0.0,0.0,0.0,0.0,0.0,0.0,4.0,0.0,0.0,2.0,2.0,0.0,0.0,5.0,0.0,22.0,0.0,0.0,0.0,25.43,7.9,0.0
443,2021-12-29,0.0,0.0,0.0,0.0,0.0,0.0,0.0,4.0,0.0,0.0,2.0,2.0,0.0,0.0,5.0,0.0,24.0,2.0,0.0,0.0,25.43,7.9,0.0
444,2021-12-30,0.0,0.0,0.0,0.0,0.0,0.0,0.0,4.0,0.0,0.0,2.0,2.0,0.0,0.0,5.0,0.0,24.0,0.0,0.0,0.0,25.43,7.9,0.0
445,2021-12-31,0.0,0.0,0.0,0.0,0.0,0.0,0.0,4.0,0.0,0.0,2.0,2.0,0.0,0.0,5.0,0.0,24.0,0.0,0.0,0.0,25.43,7.9,0.0
446,2022-01-01,0.0,0.0,0.0,0.0,0.0,0.0,0.0,4.0,0.0,0.0,2.0,2.0,0.0,0.0,5.0,0.0,24.0,0.0,0.0,0.0,25.43,7.9,0.0
447,2022-01-02,0.0,0.0,0.0,0.0,0.0,0.0,0.0,4.0,0.0,0.0,2.0,2.0,0.0,0.0,5.0,0.0,24.0,0.0,0.0,0.0,25.43,7.9,0.0
448,2022-01-03,0.0,0.0,0.0,0.0,0.0,0.0,0.0,4.0,0.0,0.0,2.0,2.0,0.0,0.0,5.0,0.0,24.0,0.0,0.0,0.0,25.43,7.9,0.0
449,2022-01-04,0.0,0.0,0.0,0.0,0.0,0.0,0.0,4.0,0.0,0.0,2.0,2.0,0.0,0.0,5.0,0.0,24.0,0.0,0.0,0.0,26.2,8.57,0.0
450,2022-01-05,0.0,0.0,0.0,0.0,0.0,0.0,0.0,4.0,0.0,0.0,2.0,2.0,0.0,0.0,5.0,0.0,24.0,0.0,0.0,0.0,26.2,8.57,0.0
451,2022-01-06,0.0,0.0,0.0,0.0,0.0,0.0,0.0,4.0,0.0,0.0,2.0,2.0,0.0,0.0,5.0,0.0,28.0,4.0,0.0,0.0,26.2,8.57,0.0
452,2022-01-07,0.0,0.0,0.0,0.0,0.0,0.0,0.0,4.0,0.0,0.0,2.0,2.0,0.0,0.0,5.0,0.0,28.0,0.0,0.0,0.0,26.2,8.57,0.0
453,2022-01-08,0.0,0.0,0.0,0.0,0.0,0.0,0.0,4.0,0.0,0.0,2.0,2.0,0.0,0.0,5.0,0.0,28.0,0.0,0.0,0.0,26.2,8.57,0.0
454,2022-01-09,0.0,0.0,0.0,0.0,0.0,0.0,0.0,4.0,0.0,0.0,2.0,2.0,0.0,0.0,5.0,0.0,28.0,0.0,0.0,0.0,26.2,8.57,0.0
455,2022-01-10,0.0,0.0,0.0,0.0,0.0,0.0,0.0,4.0,0.0,0.0,2.0,2.0,0.0,0.0,5.0,0.0,28.0,0.0,0.0,0.0,26.2,8.57,0.0
456,2022-01-11,3.0,1.0,2.0,4.0,1.0,2.0,2.0,4.0,0.0,0.0,2.0,1.0,1.0,3.0,5.0,0.0,25.0,0.0,0.0,0.0,26.2,8.57,0.0
457,2022-01-12,3.0,1.0,2.0,4.0,1.0,2.0,2.0,4.0,0.0,0.0,2.0,1.0,1.0,3.0,5.0,0.0,25.0,0.0,0.0,0.0,26.2,8.57,0.0
458,2022-01-13,3.0,1.0,2.0,4.0,1.0,2.0,2.0,4.0,0.0,0.0,2.0,1.0,1.0,3.0,5.0,0.0,25.0,0.0,0.0,0.0,26.2,8.57,0.0
459,2022-01-14,3.0,1.0,2.0,4.0,1.0,2.0,2.0,4.0,0.0,0.0,2.0,1.0,1.0,3.0,5.0,0.0,25.0,0.0,0.0,0.0,26.2,8.57,0.0
460,2022-01-15,3.0,1.0,2.0,4.0,1.0,2.0,2.0,4.0,0.0,0.0,2.0,1.0,1.0,3.0,5.0,0.0,25.0,0.0,0.0,0.0,26.2,8.57,0.0
461,2022-01-16,3.0,1.0,2.0,4.0,1.0,2.0,2.0,4.0,0.0,0.0,2.0,1.0,1.0,3.0,5.0,0.0,25.0,0.0,0.0,0.0,26.2,8.57,0.0
462,2022-01-17,3.0,1.0,2.0,4.0,1.0,2.0,2.0,4.0,0.0,0.0,2.0,1.0,1.0,3.0,5.0,0.0,25.0,0.0,0.0,0.0,26.2,8.57,0.0
463,2022-01-18,3.0,1.0,2.0,4.0,1.0,2.0,2.0,4.0,0.0,0.0,2.0,1.0,1.0,3.0,5.0,0.0,32.0,7.0,0.0,0.0,26.95,9.32,0.0
464,2022-01-19,3.0,1.0,2.0,4.0,1.0,2.0,2.0,4.0,0.0,0.0,2.0,1.0,1.0,3.0,5.0,0.0,33.0,1.0,0.0,0.0,26.95,9.32,0.0
465,2022-01-20,3.0,1.0,2.0,4.0,1.0,2.0,2.0,4.0,0.0,0.0,2.0,1.0,1.0,3.0,5.0,0.0,81.0,48.0,0.0,0.0,26.95,9.32,0.0
466,2022-01-21,3.0,1.0,2.0,4.0,1.0,2.0,2.0,4.0,0.0,0.0,2.0,1.0,1.0,3.0,5.0,0.0,81.0,0.0,0.0,0.0,26.95,9.32,0.0
467,2022-01-22,3.0,3.0,2.0,4.0,2.0,2.0,2.0,4.0,0.0,0.0,2.0,1.0,1.0,3.0,5.0,0.0,289.0,208.0,0.0,0.0,26.95,9.32,0.0
468,2022-01-23,3.0,3.0,2.0,4.0,2.0,2.0,2.0,4.0,0.0,0.0,2.0,1.0,1.0,3.0,5.0,0.0,289.0,0.0,0.0,0.0,26.95,9.32,0.0
469,2022-01-24,3.0,3.0,2.0,4.0,2.0,2.0,2.0,4.0,0.0,0.0,2.0,1.0,1.0,3.0,5.0,0.0,289.0,0.0,0.0,0.0,27.28,10.02,0.0
470,2022-01-25,3.0,3.0,2.0,4.0,2.0,2.0,2.0,4.0,0.0,0.0,2.0,1.0,1.0,3.0,5.0,0.0,650.0,361.0,2.0,2.0,27.28,10.02,0.0
471,2022-01-26,3.0,3.0,2.0,4.0,2.0,2.0,2.0,4.0,0.0,0.0,2.0,1.0,1.0,3.0,5.0,0.0,676.0,26.0,2.0,0.0,27.28,10.02,0.0
472,2022-01-27,3.0,3.0,2.0,4.0,2.0,2.0,2.0,4.0,0.0,0.0,2.0,1.0,1.0,3.0,5.0,0.0,755.0,79.0,5.0,3.0,27.28,10.02,0.0
473,2022-01-28,3.0,3.0,2.0,4.0,2.0,2.0,2.0,4.0,0.0,0.0,2.0,1.0,1.0,3.0,5.0,0.0,898.0,143.0,5.0,0.0,27.28,10.02,0.0
474,2022-01-29,3.0,3.0,2.0,4.0,2.0,2.0,2.0,4.0,0.0,0.0,2.0,1.0,1.0,3.0,5.0,0.0,898.0,0.0,5.0,0.0,27.28,10.02,0.0
475,2022-01-30,3.0,3.0,2.0,4.0,2.0,2.0,2.0,4.0,0.0,0.0,2.0,1.0,1.0,3.0,5.0,0.0,898.0,0.0,5.0,0.0,27.28,10.02,0.0
476,2022-01-31,3.0,3.0,2.0,4.0,2.0,2.0,2.0,4.0,0.0,0.0,2.0,1.0,1.0,3.0,5.0,0.0,1183.0,285.0,9.0,4.0,27.59,10.71,0.0
477,2022-02-01,3.0,3.0,2.0,4.0,2.0,2.0,2.0,4.0,0.0,0.0,2.0,1.0,1.0,3.0,5.0,0.0,1486.0,303.0,12.0,3.0,27.59,10.71,0.0
478,2022-02-02,3.0,3.0,2.0,4.0,2.0,2.0,2.0,4.0,0.0,0.0,2.0,1.0,1.0,3.0,5.0,0.0,2167.0,681.0,15.0,3.0,27.59,10.71,0.0
479,2022-02-03,3.0,3.0,2.0,4.0,2.0,2.0,2.0,4.0,0.0,0.0,2.0,1.0,1.0,3.0,5.0,0.0,2357.0,190.0,21.0,6.0,27.59,10.71,0.0
480,2022-02-04,3.0,3.0,2.0,4.0,2.0,2.0,2.0,4.0,0.0,0.0,2.0,1.0,1.0,3.0,5.0,0.0,2357.0,0.0,21.0,0.0,27.59,10.71,0.0
481,2022-02-05,3.0,3.0,2.0,4.0,2.0,2.0,2.0,4.0,0.0,0.0,2.0,1.0,1.0,3.0,5.0,0.0,2790.0,433.0,25.0,4.0,27.59,10.71,0.0
482,2022-02-06,3.0,3.0,2.0,4.0,2.0,2.0,2.0,4.0,0.0,0.0,2.0,1.0,1.0,3.0,5.0,0.0,2790.0,0.0,25.0,0.0,27.59,10.71,0.0
483,2022-02-07,3.0,3.0,2.0,4.0,2.0,2.0,2.0,4.0,0.0,0.0,2.0,1.0,1.0,3.0,5.0,0.0,3319.0,529.0,37.0,12.0,27.94,11.3,0.0
484,2022-02-08,3.0,3.0,2.0,4.0,2.0,2.0,2.0,4.0,0.0,0.0,2.0,1.0,1.0,3.0,5.0,0.0,3319.0,0.0,37.0,0.0,27.94,11.3,0.0
485,2022-02-09,3.0,3.0,2.0,4.0,2.0,2.0,2.0,4.0,0.0,0.0,2.0,1.0,1.0,3.0,5.0,0.0,3795.0,476.0,40.0,3.0,27.94,11.3,0.0
486,2022-02-10,3.0,3.0,2.0,4.0,2.0,2.0,2.0,4.0,0.0,0.0,2.0,1.0,1.0,3.0,5.0,0.0,4203.0,408.0,50.0,10.0,27.94,11.3,0.0
487,2022-02-11,3.0,3.0,2.0,4.0,2.0,2.0,2.0,4.0,0.0,0.0,2.0,1.0,1.0,3.0,5.0,0.0,4302.0,99.0,53.0,3.0,27.94,11.3,0.0
488,2022-02-12,3.0,3.0,2.0,4.0,2.0,2.0,2.0,4.0,0.0,0.0,2.0,1.0,1.0,3.0,5.0,0.0,4302.0,0.0,53.0,0.0,27.94,11.3,0.0
489,2022-02-13,3.0,3.0,2.0,4.0,2.0,2.0,2.0,4.0,0.0,0.0,2.0,1.0,1.0,3.0,5.0,0.0,4489.0,187.0,58.0,5.0,27.94,11.3,0.0
490,2022-02-14,3.0,3.0,2.0,4.0,2.0,2.0,2.0,4.0,0.0,0.0,2.0,1.0,1.0,3.0,5.0,0.0,4827.0,338.0,61.0,3.0,27.94,11.3,0.0
491,2022-02-15,3.0,3.0,2.0,4.0,2.0,2.0,2.0,4.0,0.0,0.0,2.0,1.0,1.0,3.0,5.0,0.0,4910.0,83.0,65.0,4.0,27.94,11.3,0.0
492,2022-02-16,3.0,3.0,2.0,4.0,2.0,2.0,2.0,4.0,0.0,0.0,2.0,1.0,1.0,3.0,5.0,0.0,5043.0,133.0,68.0,3.0,27.94,11.3,0.0
493,2022-02-17,3.0,3.0,2.0,4.0,2.0,2.0,2.0,4.0,0.0,0.0,2.0,1.0,1.0,3.0,5.0,0.0,5565.0,522.0,74.0,6.0,27.94,11.3,0.0
494,2022-02-18,3.0,3.0,2.0,4.0,2.0,2.0,2.0,4.0,0.0,0.0,2.0,1.0,1.0,3.0,5.0,0.0,5565.0,0.0,74.0,0.0,27.94,11.3,0.0
495,2022-02-19,3.0,3.0,2.0,4.0,2.0,2.0,2.0,4.0,0.0,0.0,2.0,1.0,1.0,3.0,5.0,0.0,5684.0,119.0,77.0,3.0,27.94,11.3,0.0
496,2022-02-20,3.0,3.0,2.0,4.0,2.0,2.0,2.0,4.0,0.0,0.0,2.0,1.0,1.0,3.0,5.0,0.0,5790.0,106.0,83.0,6.0,27.94,11.3,0.0
497,2022-02-21,3.0,3.0,2.0,4.0,2.0,2.0,2.0,4.0,0.0,0.0,2.0,1.0,1.0,3.0,5.0,0.0,5891.0,101.0,83.0,0.0,28.38,11.91,0.0
498,2022-02-22,3.0,3.0,2.0,4.0,2.0,2.0,2.0,4.0,0.0,0.0,2.0,1.0,1.0,3.0,5.0,0.0,5968.0,77.0,85.0,2.0,28.38,11.91,0.0
499,2022-02-23,3.0,3.0,2.0,4.0,2.0,2.0,2.0,4.0,0.0,0.0,2.0,1.0,1.0,3.0,5.0,0.0,6348.0,380.0,87.0,2.0,28.38,11.91,0.0
500,2022-02-24,3.0,3.0,2.0,4.0,2.0,2.0,2.0,4.0,0.0,0.0,2.0,1.0,1.0,3.0,5.0,0.0,6654.0,306.0,92.0,5.0,28.38,11.91,0.0
501,2022-02-25,3.0,3.0,2.0,4.0,2.0,2.0,2.0,4.0,0.0,0.0,2.0,1.0,1.0,3.0,5.0,0.0,6654.0,0.0,92.0,0.0,28.38,11.91,0.0
502,2022-02-26,3.0,3.0,2.0,4.0,2.0,2.0,2.0,4.0,0.0,0.0,2.0,1.0,1.0,3.0,5.0,0.0,6813.0,159.0,93.0,1.0,28.38,11.91,0.0
503,2022-02-27,3.0,3.0,2.0,4.0,2.0,2.0,2.0,4.0,0.0,0.0,2.0,1.0,1.0,3.0,5.0,0.0,6937.0,124.0,96.0,3.0,28.38,11.91,0.0
504,2022-02-28,3.0,3.0,2.0,4.0,2.0,2.0,2.0,4.0,0.0,0.0,2.0,1.0,1.0,3.0,5.0,0.0,7049.0,112.0,99.0,3.0,29.12,13.44,0.0
505,2022-03-01,3.0,3.0,2.0,4.0,2.0,2.0,2.0,4.0,0.0,0.0,2.0,1.0,1.0,3.0,5.0,0.0,7258.0,209.0,106.0,7.0,29.12,13.44,0.0
506,2022-03-02,3.0,3.0,2.0,4.0,2.0,2.0,2.0,4.0,0.0,0.0,2.0,1.0,1.0,3.0,5.0,0.0,7258.0,0.0,106.0,0.0,29.12,13.44,0.0
507,2022-03-03,3.0,3.0,2.0,4.0,2.0,2.0,2.0,4.0,0.0,0.0,2.0,1.0,1.0,3.0,5.0,0.0,7258.0,0.0,111.0,5.0,29.12,13.44,0.0
508,2022-03-04,3.0,3.0,2.0,4.0,2.0,2.0,2.0,4.0,0.0,0.0,2.0,1.0,1.0,3.0,5.0,0.0,7326.0,68.0,111.0,0.0,29.12,13.44,0.0
509,2022-03-05,3.0,3.0,2.0,4.0,2.0,2.0,2.0,4.0,0.0,0.0,2.0,1.0,1.0,3.0,5.0,0.0,7940.0,614.0,115.0,4.0,29.12,13.44,0.0
510,2022-03-06,3.0,3.0,2.0,4.0,2.0,2.0,2.0,4.0,0.0,0.0,2.0,1.0,1.0,3.0,5.0,0.0,8026.0,86.0,116.0,1.0,29.12,13.44,0.0
511,2022-03-07,3.0,3.0,2.0,4.0,2.0,0.0,2.0,4.0,0.0,0.0,2.0,1.0,1.0,3.0,5.0,0.0,8150.0,124.0,118.0,2.0,30.37,14.18,0.0
512,2022-03-08,3.0,3.0,2.0,4.0,2.0,0.0,2.0,4.0,0.0,0.0,2.0,1.0,1.0,3.0,5.0,0.0,8150.0,0.0,118.0,0.0,30.37,14.18,0.0
513,2022-03-09,3.0,3.0,2.0,4.0,2.0,0.0,2.0,4.0,0.0,0.0,2.0,1.0,1.0,3.0,5.0,0.0,8491.0,341.0,118.0,0.0,30.37,14.18,0.0
514,2022-03-10,3.0,3.0,2.0,4.0,2.0,0.0,2.0,4.0,0.0,0.0,2.0,1.0,1.0,3.0,5.0,0.0,8491.0,0.0,118.0,0.0,30.37,14.18,0.0
515,2022-03-11,3.0,3.0,2.0,4.0,2.0,0.0,2.0,4.0,0.0,0.0,2.0,1.0,1.0,3.0,5.0,0.0,8491.0,0.0,118.0,0.0,30.37,14.18,0.0
516,2022-03-12,3.0,3.0,2.0,4.0,2.0,0.0,2.0,4.0,0.0,0.0,2.0,1.0,1.0,3.0,5.0,0.0,8491.0,0.0,118.0,0.0,30.37,14.18,0.0
517,2022-03-13,3.0,3.0,2.0,4.0,2.0,0.0,2.0,4.0,0.0,0.0,2.0,1.0,1.0,3.0,5.0,0.0,9124.0,633.0,120.0,2.0,30.37,14.18,0.0
518,2022-03-14,3.0,2.0,2.0,4.0,2.0,1.0,2.0,2.0,0.0,0.0,2.0,1.0,1.0,3.0,5.0,0.0,9124.0,0.0,120.0,0.0,30.37,14.18,0.0
519,2022-03-15,3.0,2.0,2.0,4.0,2.0,1.0,2.0,2.0,0.0,0.0,2.0,1.0,1.0,3.0,5.0,0.0,9412.0,288.0,125.0,5.0,30.37,14.18,0.0
520,2022-03-16,3.0,2.0,2.0,4.0,2.0,1.0,2.0,2.0,0.0,0.0,2.0,1.0,1.0,3.0,5.0,0.0,9412.0,0.0,125.0,0.0,30.37,14.18,0.0
521,2022-03-17,3.0,2.0,2.0,4.0,2.0,1.0,2.0,2.0,0.0,0.0,2.0,1.0,1.0,3.0,5.0,0.0,9758.0,346.0,127.0,2.0,30.37,14.18,0.0
522,2022-03-18,3.0,2.0,2.0,4.0,2.0,1.0,2.0,2.0,0.0,0.0,2.0,1.0,1.0,3.0,5.0,0.0,9758.0,0.0,127.0,0.0,30.37,14.18,0.0
523,2022-03-19,3.0,2.0,2.0,4.0,2.0,1.0,2.0,2.0,0.0,0.0,2.0,1.0,1.0,3.0,5.0,0.0,9851.0,93.0,127.0,0.0,30.37,14.18,0.0
524,2022-03-20,3.0,2.0,2.0,4.0,2.0,1.0,2.0,2.0,0.0,0.0,2.0,1.0,1.0,3.0,5.0,0.0,9851.0,0.0,127.0,0.0,30.37,14.18,0.0
525,2022-03-21,3.0,2.0,2.0,4.0,2.0,1.0,2.0,2.0,0.0,0.0,2.0,1.0,1.0,3.0,5.0,0.0,9851.0,0.0,127.0,0.0,32.05,16.37,0.0
526,2022-03-22,3.0,2.0,2.0,4.0,2.0,1.0,2.0,2.0,0.0,0.0,2.0,1.0,1.0,3.0,5.0,0.0,10204.0,353.0,128.0,1.0,32.05,16.37,0.0
527,2022-03-23,3.0,2.0,2.0,4.0,2.0,1.0,2.0,2.0,0.0,0.0,2.0,1.0,1.0,3.0,5.0,0.0,10204.0,0.0,128.0,0.0,32.05,16.37,0.0
528,2022-03-24,3.0,2.0,2.0,4.0,2.0,1.0,2.0,2.0,0.0,0.0,2.0,1.0,1.0,3.0,5.0,0.0,10426.0,222.0,129.0,1.0,32.05,16.37,0.0
529,2022-03-25,3.0,2.0,2.0,4.0,2.0,1.0,2.0,2.0,0.0,0.0,2.0,1.0,1.0,3.0,5.0,0.0,10426.0,0.0,129.0,0.0,32.05,16.37,0.0
530,2022-03-26,3.0,2.0,2.0,4.0,2.0,1.0,2.0,2.0,0.0,0.0,2.0,1.0,1.0,3.0,5.0,0.0,10426.0,0.0,129.0,0.0,32.05,16.37,0.0
531,2022-03-27,3.0,2.0,2.0,4.0,2.0,1.0,2.0,2.0,0.0,0.0,2.0,1.0,1.0,3.0,5.0,0.0,10778.0,352.0,133.0,4.0,32.05,16.37,0.0
532,2022-03-28,3.0,2.0,2.0,4.0,2.0,1.0,2.0,2.0,0.0,0.0,2.0,1.0,1.0,3.0,5.0,0.0,10778.0,0.0,133.0,0.0,33.29,17.29,0.0
533,2022-03-29,3.0,2.0,2.0,4.0,2.0,1.0,2.0,2.0,0.0,0.0,2.0,1.0,1.0,3.0,5.0,0.0,10778.0,0.0,133.0,0.0,33.29,17.29,0.0
534,2022-03-30,3.0,2.0,2.0,4.0,2.0,1.0,2.0,2.0,0.0,0.0,2.0,1.0,1.0,3.0,5.0,0.0,11174.0,396.0,133.0,0.0,33.29,17.29,0.0
535,2022-03-31,3.0,2.0,2.0,4.0,2.0,1.0,2.0,2.0,0.0,0.0,2.0,1.0,1.0,3.0,5.0,0.0,11470.0,296.0,133.0,0.0,33.29,17.29,0.0
536,2022-04-01,3.0,2.0,2.0,4.0,2.0,1.0,2.0,2.0,0.0,0.0,2.0,1.0,1.0,3.0,5.0,0.0,11470.0,0.0,133.0,0.0,33.29,17.29,0.0
537,2022-04-02,3.0,2.0,2.0,4.0,2.0,1.0,2.0,2.0,0.0,0.0,2.0,1.0,1.0,3.0,5.0,0.0,11470.0,0.0,133.0,0.0,33.29,17.29,0.0
538,2022-04-03,3.0,2.0,2.0,4.0,2.0,1.0,2.0,2.0,0.0,0.0,2.0,1.0,1.0,3.0,5.0,0.0,11470.0,0.0,133.0,0.0,33.29,17.29,0.0
539,2022-04-04,3.0,2.0,2.0,4.0,2.0,1.0,2.0,2.0,0.0,0.0,2.0,1.0,1.0,3.0,5.0,0.0,11470.0,0.0,137.0,4.0,33.29,17.29,0.11
540,2022-04-05,3.0,2.0,2.0,4.0,2.0,0.0,0.0,2.0,0.0,0.0,2.0,2.0,1.0,2.0,5.0,0.0,11856.0,386.0,136.0,0.0,33.29,17.29,0.11
541,2022-04-06,3.0,2.0,2.0,4.0,2.0,0.0,0.0,2.0,0.0,0.0,2.0,2.0,1.0,2.0,5.0,0.0,11856.0,0.0,136.0,0.0,33.29,17.29,0.11
542,2022-04-07,3.0,2.0,2.0,4.0,2.0,0.0,0.0,2.0,0.0,0.0,2.0,2.0,1.0,2.0,5.0,0.0,12005.0,149.0,137.0,1.0,33.29,17.29,0.11
543,2022-04-08,3.0,2.0,2.0,4.0,2.0,0.0,0.0,2.0,0.0,0.0,2.0,2.0,1.0,2.0,5.0,0.0,12005.0,0.0,137.0,0.0,33.29,17.29,0.11
544,2022-04-09,3.0,2.0,2.0,4.0,2.0,0.0,0.0,2.0,0.0,0.0,2.0,2.0,1.0,2.0,5.0,0.0,12005.0,0.0,137.0,0.0,33.29,17.29,0.11
545,2022-04-10,3.0,2.0,2.0,4.0,2.0,0.0,0.0,2.0,0.0,0.0,2.0,2.0,1.0,2.0,5.0,0.0,12005.0,0.0,137.0,0.0,33.29,17.29,0.11
546,2022-04-11,3.0,2.0,2.0,4.0,2.0,0.0,0.0,2.0,0.0,0.0,2.0,2.0,1.0,2.0,5.0,0.0,12005.0,0.0,137.0,0.0,34.75,18.88,0.17
547,2022-04-12,3.0,2.0,2.0,4.0,2.0,0.0,0.0,2.0,0.0,0.0,2.0,2.0,1.0,2.0,5.0,0.0,12285.0,280.0,139.0,2.0,34.75,18.88,0.17
548,2022-04-13,3.0,2.0,2.0,4.0,2.0,0.0,0.0,2.0,0.0,0.0,2.0,2.0,1.0,2.0,5.0,0.0,12285.0,0.0,139.0,0.0,34.75,18.88,0.17
549,2022-04-14,3.0,2.0,2.0,4.0,2.0,0.0,0.0,2.0,0.0,0.0,2.0,2.0,1.0,2.0,5.0,0.0,12437.0,152.0,139.0,0.0,34.75,18.88,0.17
550,2022-04-15,3.0,2.0,2.0,4.0,2.0,0.0,0.0,2.0,0.0,0.0,2.0,2.0,1.0,2.0,5.0,0.0,12437.0,0.0,139.0,0.0,34.75,18.88,0.17
551,2022-04-16,3.0,2.0,2.0,4.0,2.0,0.0,0.0,2.0,0.0,0.0,2.0,2.0,1.0,2.0,5.0,0.0,12437.0,0.0,139.0,0.0,34.75,18.88,0.17
552,2022-04-17,3.0,2.0,2.0,4.0,2.0,0.0,0.0,2.0,0.0,0.0,2.0,2.0,1.0,2.0,5.0,0.0,12437.0,0.0,139.0,0.0,34.75,18.88,0.17
553,2022-04-18,3.0,2.0,2.0,4.0,2.0,0.0,0.0,2.0,0.0,0.0,2.0,2.0,1.0,2.0,5.0,0.0,12437.0,0.0,139.0,0.0,35.48,19.85,0.17
554,2022-04-19,3.0,2.0,2.0,4.0,2.0,0.0,0.0,2.0,0.0,0.0,2.0,2.0,1.0,2.0,5.0,0.0,12437.0,0.0,139.0,0.0,35.48,19.85,0.17
555,2022-04-20,3.0,2.0,2.0,4.0,2.0,0.0,0.0,2.0,0.0,0.0,2.0,2.0,1.0,2.0,5.0,0.0,12437.0,0.0,139.0,0.0,35.48,19.85,0.17
556,2022-04-21,3.0,2.0,2.0,4.0,2.0,0.0,0.0,2.0,0.0,0.0,2.0,2.0,1.0,2.0,5.0,0.0,12437.0,0.0,139.0,0.0,35.48,19.85,0.17
557,2022-04-22,3.0,2.0,2.0,4.0,2.0,1.0,2.0,2.0,0.0,0.0,2.0,2.0,1.0,2.0,5.0,0.0,12437.0,0.0,139.0,0.0,35.48,19.85,0.17
558,2022-04-23,3.0,2.0,2.0,4.0,2.0,1.0,2.0,2.0,0.0,0.0,2.0,2.0,1.0,2.0,5.0,0.0,12437.0,0.0,139.0,0.0,35.48,19.85,0.17
559,2022-04-24,3.0,2.0,2.0,4.0,2.0,1.0,2.0,2.0,0.0,0.0,2.0,2.0,1.0,2.0,5.0,0.0,12437.0,0.0,139.0,0.0,35.48,19.85,0.17
560,2022-04-25,3.0,2.0,2.0,4.0,2.0,1.0,2.0,2.0,0.0,0.0,2.0,2.0,1.0,3.0,5.0,0.0,14182.0,1745.0,140.0,1.0,40.02,19.85,0.17
561,2022-04-26,3.0,2.0,2.0,4.0,2.0,1.0,2.0,2.0,0.0,0.0,2.0,2.0,1.0,3.0,5.0,0.0,14786.0,604.0,141.0,1.0,40.02,19.85,0.17
562,2022-04-27,3.0,2.0,2.0,4.0,2.0,1.0,2.0,2.0,0.0,0.0,2.0,2.0,1.0,3.0,5.0,0.0,14786.0,0.0,141.0,0.0,40.02,19.85,0.17
563,2022-04-28,3.0,2.0,2.0,4.0,2.0,1.0,2.0,2.0,0.0,0.0,2.0,2.0,1.0,3.0,5.0,0.0,14786.0,0.0,141.0,0.0,40.02,19.85,0.17
564,2022-04-29,3.0,2.0,2.0,4.0,2.0,1.0,2.0,2.0,0.0,0.0,2.0,2.0,1.0,3.0,5.0,0.0,14786.0,0.0,141.0,0.0,40.02,19.85,0.17
565,2022-04-30,3.0,2.0,2.0,4.0,2.0,1.0,2.0,2.0,0.0,0.0,2.0,2.0,1.0,3.0,5.0,0.0,14786.0,0.0,141.0,0.0,40.02,19.85,0.17
566,2022-05-01,3.0,2.0,2.0,4.0,2.0,1.0,2.0,2.0,0.0,0.0,2.0,2.0,1.0,3.0,5.0,0.0,15677.0,891.0,141.0,0.0,40.02,19.85,0.17
567,2022-05-02,3.0,2.0,2.0,4.0,2.0,1.0,2.0,2.0,0.0,0.0,2.0,2.0,1.0,3.0,5.0,0.0,15677.0,0.0,141.0,0.0,40.02,20.96,0.33
568,2022-05-03,3.0,2.0,2.0,4.0,2.0,1.0,2.0,2.0,0.0,0.0,2.0,2.0,1.0,3.0,5.0,0.0,15677.0,0.0,141.0,0.0,40.02,20.96,0.33
569,2022-05-04,3.0,2.0,2.0,4.0,2.0,1.0,2.0,2.0,0.0,0.0,2.0,2.0,1.0,3.0,5.0,0.0,15881.0,204.0,141.0,0.0,40.02,20.96,0.33
570,2022-05-05,3.0,2.0,2.0,4.0,2.0,1.0,2.0,2.0,0.0,0.0,2.0,2.0,1.0,3.0,5.0,0.0,16441.0,560.0,144.0,3.0,40.02,20.96,0.33
571,2022-05-06,3.0,2.0,2.0,4.0,2.0,1.0,2.0,2.0,0.0,0.0,2.0,2.0,1.0,3.0,5.0,0.0,16441.0,0.0,144.0,0.0,40.02,20.96,0.33
572,2022-05-07,3.0,2.0,2.0,4.0,2.0,1.0,2.0,2.0,0.0,0.0,2.0,2.0,1.0,3.0,5.0,0.0,16441.0,0.0,144.0,0.0,40.02,20.96,0.33
573,2022-05-08,3.0,2.0,2.0,4.0,2.0,1.0,2.0,2.0,0.0,0.0,2.0,2.0,1.0,3.0,5.0,0.0,16441.0,0.0,144.0,0.0,40.02,20.96,0.33
574,2022-05-09,3.0,2.0,2.0,4.0,2.0,1.0,2.0,2.0,0.0,0.0,2.0,2.0,1.0,3.0,5.0,0.0,16441.0,0.0,144.0,0.0,40.02,20.96,0.33
575,2022-05-10,3.0,2.0,2.0,4.0,2.0,1.0,2.0,2.0,0.0,0.0,2.0,2.0,1.0,3.0,5.0,0.0,18174.0,1733.0,146.0,2.0,40.02,20.96,0.33
576,2022-05-11,3.0,2.0,2.0,4.0,2.0,1.0,2.0,2.0,0.0,0.0,2.0,2.0,1.0,3.0,5.0,0.0,18174.0,0.0,146.0,0.0,40.02,20.96,0.33
577,2022-05-12,3.0,2.0,2.0,4.0,2.0,1.0,2.0,2.0,0.0,0.0,2.0,2.0,1.0,3.0,5.0,0.0,18174.0,0.0,146.0,0.0,40.02,20.96,0.33
578,2022-05-13,3.0,2.0,2.0,4.0,2.0,1.0,2.0,2.0,0.0,0.0,2.0,2.0,1.0,3.0,5.0,0.0,18174.0,0.0,146.0,0.0,40.02,20.96,0.33
579,2022-05-14,3.0,2.0,2.0,4.0,2.0,1.0,2.0,2.0,0.0,0.0,2.0,2.0,1.0,3.0,5.0,0.0,18174.0,0.0,146.0,0.0,40.02,20.96,0.33
580,2022-05-15,3.0,2.0,2.0,4.0,2.0,1.0,2.0,2.0,0.0,0.0,2.0,2.0,1.0,3.0,5.0,0.0,18174.0,0.0,146.0,0.0,40.02,20.96,0.33
581,2022-05-16,3.0,2.0,2.0,4.0,2.0,1.0,2.0,2.0,0.0,0.0,2.0,2.0,1.0,3.0,5.0,0.0,18174.0,0.0,146.0,0.0,40.02,20.96,0.33
582,2022-05-17,3.0,2.0,2.0,4.0,2.0,1.0,2.0,2.0,0.0,0.0,2.0,2.0,1.0,3.0,5.0,0.0,18174.0,0.0,146.0,0.0,40.02,20.96,0.33
583,2022-05-18,3.0,2.0,2.0,4.0,2.0,1.0,2.0,2.0,0.0,0.0,2.0,2.0,1.0,3.0,5.0,0.0,18174.0,0.0,146.0,0.0,40.02,20.96,0.33
584,2022-05-19,3.0,2.0,2.0,4.0,2.0,1.0,2.0,2.0,0.0,0.0,2.0,2.0,1.0,3.0,5.0,0.0,18174.0,0.0,146.0,0.0,40.02,20.96,0.33
585,2022-05-20,3.0,2.0,2.0,4.0,2.0,1.0,2.0,2.0,0.0,0.0,2.0,2.0,1.0,3.0,5.0,0.0,18174.0,0.0,146.0,0.0,40.02,20.96,0.33
586,2022-05-21,3.0,2.0,2.0,4.0,2.0,1.0,2.0,2.0,0.0,0.0,2.0,2.0,1.0,3.0,5.0,0.0,18174.0,0.0,146.0,0.0,40.02,20.96,0.33
587,2022-05-22,3.0,2.0,2.0,4.0,2.0,1.0,2.0,2.0,0.0,0.0,2.0,2.0,1.0,3.0,5.0,0.0,18174.0,0.0,146.0,0.0,40.02,20.96,0.33
588,2022-05-23,3.0,2.0,2.0,4.0,2.0,1.0,2.0,2.0,0.0,0.0,2.0,2.0,1.0,3.0,5.0,0.0,18174.0,0.0,146.0,0.0,40.02,23.5,0.33
589,2022-05-24,3.0,2.0,2.0,4.0,2.0,1.0,2.0,2.0,0.0,0.0,2.0,2.0,1.0,3.0,5.0,0.0,18174.0,0.0,146.0,0.0,40.02,23.5,0.33
590,2022-05-25,3.0,2.0,2.0,4.0,2.0,1.0,2.0,2.0,0.0,0.0,2.0,2.0,1.0,3.0,5.0,0.0,18174.0,0.0,146.0,0.0,40.02,23.5,0.33
591,2022-05-26,3.0,2.0,2.0,4.0,2.0,1.0,2.0,2.0,0.0,0.0,2.0,2.0,1.0,3.0,5.0,0.0,18174.0,0.0,146.0,0.0,40.02,23.5,0.33
592,2022-05-27,3.0,2.0,2.0,4.0,2.0,1.0,2.0,2.0,0.0,0.0,2.0,2.0,1.0,3.0,5.0,0.0,18174.0,0.0,146.0,0.0,40.02,23.5,0.33
593,2022-05-28,3.0,2.0,2.0,4.0,2.0,1.0,2.0,2.0,0.0,0.0,2.0,2.0,1.0,3.0,5.0,0.0,18174.0,0.0,146.0,0.0,40.02,23.5,0.33
594,2022-05-29,3.0,2.0,0.0,0.0,2.0,0.0,0.0,2.0,0.0,0.0,1.0,3.0,1.0,2.0,5.0,0.0,18174.0,0.0,146.0,0.0,40.02,23.5,0.33
595,2022-05-30,2.0,2.0,0.0,0.0,2.0,0.0,0.0,2.0,0.0,0.0,1.0,3.0,1.0,2.0,5.0,0.0,18174.0,0.0,146.0,0.0,40.02,23.5,0.33
596,2022-05-31,2.0,2.0,0.0,0.0,2.0,0.0,0.0,2.0,0.0,0.0,1.0,3.0,1.0,2.0,5.0,0.0,18174.0,0.0,146.0,0.0,40.02,23.5,0.33
597,2022-06-01,2.0,2.0,0.0,0.0,2.0,0.0,0.0,2.0,0.0,0.0,1.0,3.0,1.0,2.0,5.0,0.0,21237.0,3063.0,149.0,3.0,40.02,23.5,0.33
598,2022-06-02,2.0,2.0,0.0,0.0,2.0,0.0,0.0,2.0,0.0,0.0,1.0,3.0,1.0,2.0,5.0,0.0,21237.0,0.0,149.0,0.0,40.02,23.5,0.33
599,2022-06-03,2.0,2.0,0.0,0.0,2.0,0.0,0.0,2.0,0.0,0.0,1.0,3.0,1.0,2.0,5.0,0.0,21237.0,0.0,149.0,0.0,40.02,23.5,0.33
600,2022-06-04,2.0,2.0,0.0,0.0,2.0,0.0,0.0,2.0,0.0,0.0,1.0,3.0,1.0,2.0,5.0,0.0,21237.0,0.0,149.0,0.0,40.02,23.5,0.33
601,2022-06-05,2.0,2.0,0.0,0.0,2.0,0.0,0.0,2.0,0.0,0.0,1.0,3.0,1.0,2.0,5.0,0.0,21237.0,0.0,149.0,0.0,40.02,23.5,0.33
602,2022-06-06,2.0,2.0,0.0,0.0,2.0,0.0,0.0,2.0,0.0,0.0,1.0,3.0,1.0,2.0,5.0,0.0,21237.0,0.0,149.0,0.0,40.02,23.5,0.33
603,2022-06-07,2.0,2.0,0.0,0.0,2.0,0.0,0.0,2.0,0.0,0.0,1.0,3.0,1.0,2.0,5.0,0.0,21237.0,0.0,149.0,0.0,40.02,23.5,0.33
604,2022-06-08,2.0,2.0,0.0,0.0,2.0,0.0,0.0,2.0,0.0,0.0,1.0,3.0,1.0,2.0,5.0,0.0,21237.0,0.0,149.0,0.0,40.02,23.5,0.33
605,2022-06-09,2.0,2.0,0.0,0.0,2.0,0.0,0.0,2.0,0.0,0.0,1.0,3.0,1.0,2.0,5.0,0.0,21237.0,0.0,149.0,0.0,40.02,23.5,0.33
606,2022-06-10,2.0,2.0,0.0,0.0,2.0,0.0,0.0,2.0,0.0,0.0,1.0,3.0,1.0,2.0,5.0,0.0,21237.0,0.0,149.0,0.0,40.02,23.5,0.33
607,2022-06-11,2.0,2.0,0.0,0.0,2.0,0.0,0.0,2.0,0.0,0.0,1.0,3.0,1.0,2.0,5.0,0.0,21237.0,0.0,149.0,0.0,40.02,23.5,0.33
608,2022-06-12,2.0,2.0,0.0,0.0,2.0,0.0,0.0,2.0,0.0,0.0,1.0,3.0,1.0,2.0,5.0,0.0,21237.0,0.0,149.0,0.0,40.02,23.5,0.33
609,2022-06-13,2.0,2.0,0.0,0.0,2.0,0.0,0.0,2.0,0.0,0.0,1.0,3.0,1.0,2.0,5.0,0.0,21237.0,0.0,149.0,0.0,40.02,24.42,0.33
610,2022-06-14,2.0,2.0,0.0,0.0,2.0,0.0,0.0,2.0,0.0,0.0,1.0,3.0,1.0,2.0,5.0,0.0,21237.0,0.0,149.0,0.0,40.02,24.42,0.33
611,2022-06-15,2.0,2.0,0.0,0.0,2.0,0.0,0.0,2.0,0.0,0.0,1.0,3.0,1.0,2.0,5.0,0.0,21237.0,0.0,149.0,0.0,40.02,24.42,0.33
612,2022-06-16,2.0,2.0,0.0,0.0,2.0,0.0,0.0,2.0,0.0,0.0,1.0,3.0,1.0,4.0,5.0,0.0,21237.0,0.0,149.0,0.0,40.02,24.42,0.33
613,2022-06-17,2.0,2.0,0.0,0.0,2.0,0.0,0.0,2.0,0.0,0.0,1.0,3.0,1.0,4.0,5.0,0.0,21544.0,307.0,153.0,4.0,40.02,24.42,0.33
614,2022-06-18,2.0,2.0,0.0,0.0,2.0,0.0,0.0,2.0,0.0,0.0,1.0,3.0,1.0,4.0,5.0,0.0,21544.0,0.0,153.0,0.0,40.02,24.42,0.33
615,2022-06-19,2.0,2.0,0.0,0.0,2.0,0.0,0.0,2.0,0.0,0.0,1.0,3.0,1.0,4.0,5.0,0.0,21544.0,0.0,153.0,0.0,40.02,24.42,0.33
616,2022-06-20,2.0,2.0,0.0,0.0,2.0,0.0,0.0,2.0,0.0,0.0,1.0,3.0,1.0,4.0,5.0,0.0,21544.0,0.0,153.0,0.0,40.02,25.15,0.33
617,2022-06-21,2.0,2.0,0.0,0.0,2.0,0.0,0.0,2.0,0.0,0.0,1.0,3.0,1.0,4.0,5.0,0.0,21544.0,0.0,153.0,0.0,40.02,25.15,0.33
618,2022-06-22,2.0,2.0,0.0,0.0,2.0,0.0,0.0,2.0,0.0,0.0,1.0,3.0,1.0,4.0,5.0,0.0,21544.0,0.0,153.0,0.0,40.02,25.15,0.33
619,2022-06-23,2.0,2.0,0.0,0.0,2.0,0.0,0.0,2.0,0.0,0.0,1.0,3.0,1.0,4.0,5.0,0.0,21544.0,0.0,153.0,0.0,40.02,25.15,0.33
620,2022-06-24,2.0,2.0,0.0,0.0,2.0,0.0,0.0,2.0,0.0,0.0,1.0,3.0,1.0,4.0,5.0,0.0,21544.0,0.0,153.0,0.0,40.02,25.15,0.33
621,2022-06-25,2.0,2.0,1.0,0.0,2.0,0.0,1.0,2.0,0.0,0.0,1.0,2.0,1.0,4.0,5.0,0.0,21544.0,0.0,153.0,0.0,40.02,25.15,0.33
622,2022-06-26,2.0,2.0,1.0,0.0,2.0,0.0,1.0,2.0,0.0,0.0,1.0,2.0,1.0,4.0,5.0,0.0,21544.0,0.0,153.0,0.0,40.02,25.15,0.33
623,2022-06-27,2.0,2.0,1.0,0.0,2.0,0.0,1.0,2.0,0.0,0.0,1.0,2.0,1.0,4.0,5.0,0.0,21544.0,0.0,153.0,0.0,40.02,25.15,0.33
624,2022-06-28,2.0,2.0,1.0,0.0,2.0,0.0,1.0,2.0,0.0,0.0,1.0,2.0,1.0,4.0,5.0,0.0,21544.0,0.0,153.0,0.0,40.02,25.15,0.33
625,2022-06-29,2.0,2.0,1.0,0.0,2.0,0.0,1.0,2.0,0.0,0.0,1.0,2.0,1.0,4.0,5.0,0.0,21544.0,0.0,153.0,0.0,40.02,25.15,0.33
626,2022-06-30,2.0,2.0,1.0,0.0,2.0,0.0,1.0,2.0,0.0,0.0,1.0,2.0,1.0,4.0,5.0,0.0,21544.0,0.0,153.0,0.0,40.02,25.15,0.33
627,2022-07-01,2.0,1.0,1.0,0.0,0.0,0.0,1.0,1.0,0.0,0.0,1.0,2.0,1.0,2.0,5.0,0.0,21544.0,0.0,153.0,0.0,40.02,25.15,0.33
628,2022-07-02,2.0,1.0,1.0,0.0,0.0,0.0,1.0,1.0,0.0,0.0,1.0,2.0,1.0,2.0,5.0,0.0,21544.0,0.0,153.0,0.0,40.02,25.15,0.33
629,2022-07-03,2.0,1.0,1.0,0.0,0.0,0.0,1.0,1.0,0.0,0.0,1.0,2.0,1.0,2.0,5.0,0.0,21544.0,0.0,153.0,0.0,40.02,25.15,0.33
630,2022-07-04,1.0,1.0,1.0,0.0,0.0,0.0,1.0,1.0,0.0,0.0,1.0,2.0,1.0,2.0,5.0,0.0,21544.0,0.0,153.0,0.0,40.02,25.15,0.33
631,2022-07-05,1.0,1.0,1.0,0.0,0.0,0.0,1.0,1.0,0.0,0.0,1.0,2.0,1.0,2.0,5.0,0.0,21544.0,0.0,153.0,0.0,40.02,25.15,0.33
632,2022-07-06,1.0,1.0,1.0,0.0,0.0,0.0,1.0,1.0,0.0,0.0,1.0,2.0,1.0,2.0,5.0,0.0,21544.0,0.0,153.0,0.0,40.02,25.15,0.33
633,2022-07-07,1.0,1.0,1.0,0.0,0.0,0.0,1.0,1.0,0.0,0.0,1.0,2.0,1.0,2.0,5.0,0.0,21544.0,0.0,153.0,0.0,40.02,25.15,0.33
634,2022-07-08,1.0,1.0,1.0,0.0,0.0,0.0,1.0,1.0,0.0,0.0,1.0,2.0,1.0,2.0,5.0,0.0,21544.0,0.0,153.0,0.0,40.02,25.15,0.33
635,2022-07-09,1.0,1.0,1.0,0.0,0.0,0.0,1.0,1.0,0.0,0.0,1.0,2.0,1.0,2.0,5.0,0.0,21544.0,0.0,153.0,0.0,40.02,25.15,0.33
636,2022-07-10,1.0,1.0,1.0,0.0,0.0,0.0,1.0,1.0,0.0,0.0,1.0,2.0,1.0,2.0,5.0,0.0,21544.0,0.0,153.0,0.0,40.02,25.15,0.33
637,2022-07-11,1.0,1.0,1.0,0.0,0.0,0.0,1.0,1.0,0.0,0.0,1.0,2.0,1.0,2.0,5.0,0.0,21544.0,0.0,153.0,0.0,40.22,25.72,0.33
638,2022-07-12,1.0,1.0,1.0,0.0,0.0,0.0,1.0,1.0,0.0,0.0,1.0,2.0,1.0,2.0,5.0,0.0,21544.0,0.0,153.0,0.0,40.22,25.72,0.33
639,2022-07-13,1.0,1.0,1.0,0.0,0.0,0.0,1.0,1.0,0.0,0.0,1.0,2.0,1.0,2.0,5.0,0.0,21544.0,0.0,153.0,0.0,40.22,25.72,0.33
640,2022-07-14,1.0,1.0,1.0,0.0,0.0,0.0,1.0,1.0,0.0,0.0,1.0,2.0,1.0,2.0,5.0,0.0,21544.0,0.0,153.0,0.0,40.22,25.72,0.33
641,2022-07-15,1.0,1.0,1.0,0.0,0.0,0.0,1.0,1.0,0.0,0.0,1.0,2.0,1.0,2.0,5.0,0.0,21544.0,0.0,153.0,0.0,40.22,25.72,0.33
642,2022-07-16,1.0,1.0,1.0,0.0,0.0,0.0,1.0,1.0,0.0,0.0,1.0,2.0,1.0,2.0,5.0,0.0,21544.0,0.0,153.0,0.0,40.22,25.72,0.33
643,2022-07-17,1.0,1.0,1.0,0.0,0.0,0.0,1.0,1.0,0.0,0.0,1.0,2.0,1.0,2.0,5.0,0.0,21544.0,0.0,153.0,0.0,40.22,25.72,0.33
644,2022-07-18,1.0,1.0,1.0,0.0,0.0,0.0,1.0,1.0,0.0,0.0,1.0,2.0,1.0,2.0,5.0,0.0,21544.0,0.0,153.0,0.0,40.9,26.45,0.33
645,2022-07-19,1.0,1.0,1.0,0.0,0.0,0.0,1.0,1.0,0.0,0.0,1.0,2.0,1.0,2.0,5.0,0.0,21544.0,0.0,153.0,0.0,40.9,26.45,0.33
646,2022-07-20,1.0,1.0,1.0,0.0,0.0,0.0,1.0,1.0,0.0,0.0,1.0,2.0,1.0,2.0,5.0,0.0,21544.0,0.0,153.0,0.0,40.9,26.45,0.33
647,2022-07-21,1.0,1.0,1.0,0.0,0.0,0.0,1.0,1.0,0.0,0.0,1.0,2.0,1.0,2.0,5.0,0.0,21544.0,0.0,153.0,0.0,40.9,26.45,0.33
648,2022-07-22,1.0,1.0,1.0,0.0,0.0,0.0,1.0,1.0,0.0,0.0,1.0,2.0,1.0,2.0,5.0,0.0,21544.0,0.0,153.0,0.0,40.9,26.45,0.33
649,2022-07-23,1.0,1.0,1.0,0.0,0.0,0.0,1.0,1.0,0.0,0.0,1.0,2.0,1.0,2.0,5.0,0.0,21544.0,0.0,153.0,0.0,40.9,26.45,0.33
650,2022-07-24,1.0,1.0,1.0,0.0,0.0,0.0,1.0,1.0,0.0,0.0,1.0,2.0,1.0,2.0,5.0,0.0,21544.0,0.0,153.0,0.0,40.9,26.45,0.33
651,2022-07-25,1.0,1.0,1.0,0.0,0.0,0.0,1.0,1.0,0.0,0.0,1.0,2.0,1.0,2.0,5.0,0.0,21544.0,0.0,153.0,0.0,40.9,26.45,0.33
652,2022-07-26,1.0,1.0,1.0,0.0,0.0,0.0,1.0,1.0,0.0,0.0,1.0,2.0,1.0,2.0,5.0,0.0,21544.0,0.0,153.0,0.0,40.9,26.45,0.33
653,2022-07-27,1.0,1.0,1.0,0.0,0.0,0.0,1.0,1.0,0.0,0.0,1.0,2.0,1.0,2.0,5.0,0.0,21544.0,0.0,153.0,0.0,40.9,26.45,0.33
654,2022-07-28,1.0,1.0,1.0,0.0,0.0,0.0,1.0,1.0,0.0,0.0,1.0,2.0,1.0,2.0,5.0,0.0,21544.0,0.0,153.0,0.0,40.9,26.45,0.33
655,2022-07-29,1.0,1.0,1.0,0.0,0.0,0.0,1.0,1.0,0.0,0.0,1.0,2.0,1.0,2.0,5.0,0.0,21544.0,0.0,153.0,0.0,40.9,26.45,0.33
656,2022-07-30,1.0,1.0,1.0,0.0,0.0,0.0,1.0,1.0,0.0,0.0,1.0,2.0,1.0,2.0,5.0,0.0,21544.0,0.0,153.0,0.0,40.9,26.45,0.33
657,2022-07-31,1.0,1.0,1.0,0.0,0.0,0.0,1.0,1.0,0.0,0.0,1.0,2.0,1.0,2.0,5.0,0.0,21544.0,0.0,153.0,0.0,40.9,26.45,0.33
658,2022-08-01,1.0,1.0,1.0,0.0,0.0,0.0,1.0,1.0,0.0,0.0,1.0,2.0,1.0,2.0,5.0,0.0,21544.0,0.0,153.0,0.0,40.9,26.45,0.33
659,2022-08-02,1.0,1.0,1.0,0.0,0.0,0.0,1.0,1.0,0.0,0.0,1.0,2.0,1.0,2.0,5.0,0.0,21544.0,0.0,153.0,0.0,40.9,26.45,0.33
660,2022-08-03,1.0,1.0,1.0,0.0,0.0,0.0,1.0,1.0,0.0,0.0,1.0,2.0,1.0,2.0,5.0,0.0,21544.0,0.0,153.0,0.0,40.9,26.45,0.33
661,2022-08-04,1.0,1.0,1.0,0.0,0.0,0.0,1.0,1.0,0.0,0.0,1.0,2.0,1.0,2.0,5.0,0.0,21544.0,0.0,153.0,0.0,40.9,26.45,0.33
662,2022-08-05,1.0,1.0,1.0,0.0,0.0,0.0,1.0,1.0,0.0,0.0,1.0,2.0,1.0,2.0,5.0,0.0,21544.0,0.0,153.0,0.0,40.9,26.45,0.33
663,2022-08-06,1.0,1.0,1.0,0.0,0.0,0.0,1.0,1.0,0.0,0.0,1.0,2.0,1.0,2.0,5.0,0.0,21544.0,0.0,153.0,0.0,40.9,26.45,0.33
664,2022-08-07,1.0,1.0,1.0,0.0,0.0,0.0,1.0,1.0,0.0,0.0,1.0,2.0,1.0,3.0,5.0,0.0,21544.0,0.0,153.0,0.0,40.9,26.45,0.33
665,2022-08-08,1.0,1.0,1.0,0.0,0.0,0.0,1.0,1.0,0.0,0.0,1.0,2.0,1.0,3.0,5.0,0.0,21544.0,0.0,153.0,0.0,41.68,27.13,2.54
666,2022-08-09,1.0,1.0,1.0,0.0,0.0,0.0,1.0,1.0,0.0,0.0,1.0,2.0,1.0,3.0,5.0,0.0,21544.0,0.0,153.0,0.0,41.68,27.13,2.54
667,2022-08-10,1.0,1.0,1.0,0.0,0.0,0.0,1.0,1.0,0.0,0.0,1.0,2.0,1.0,3.0,5.0,0.0,21544.0,0.0,153.0,0.0,41.68,27.13,2.54
668,2022-08-11,1.0,1.0,1.0,0.0,0.0,0.0,1.0,1.0,0.0,0.0,1.0,2.0,1.0,3.0,5.0,0.0,21544.0,0.0,153.0,0.0,41.68,27.13,2.54
669,2022-08-12,1.0,1.0,1.0,0.0,0.0,0.0,1.0,1.0,0.0,0.0,1.0,2.0,1.0,3.0,5.0,0.0,21544.0,0.0,153.0,0.0,41.68,27.13,2.54
670,2022-08-13,1.0,1.0,1.0,0.0,0.0,0.0,1.0,1.0,0.0,0.0,1.0,2.0,1.0,3.0,5.0,0.0,21544.0,0.0,153.0,0.0,41.68,27.13,2.54
671,2022-08-14,1.0,1.0,1.0,0.0,0.0,0.0,1.0,1.0,0.0,0.0,1.0,2.0,1.0,3.0,5.0,0.0,21544.0,0.0,153.0,0.0,41.68,27.13,2.54
672,2022-08-15,1.0,1.0,1.0,0.0,0.0,0.0,1.0,1.0,0.0,0.0,1.0,2.0,1.0,3.0,5.0,0.0,21544.0,0.0,153.0,0.0,41.68,27.13,2.54
673,2022-08-16,1.0,1.0,1.0,0.0,0.0,0.0,1.0,1.0,0.0,0.0,1.0,2.0,1.0,3.0,5.0,0.0,21544.0,0.0,153.0,0.0,41.68,27.13,2.54
674,2022-08-17,1.0,1.0,1.0,0.0,0.0,0.0,1.0,1.0,0.0,0.0,1.0,2.0,1.0,3.0,5.0,0.0,21544.0,0.0,153.0,0.0,41.68,27.13,2.54
675,2022-08-18,1.0,1.0,1.0,0.0,0.0,0.0,1.0,1.0,0.0,0.0,1.0,2.0,1.0,3.0,5.0,0.0,21544.0,0.0,153.0,0.0,41.68,27.13,2.54
676,2022-08-19,1.0,1.0,1.0,0.0,0.0,0.0,1.0,1.0,0.0,0.0,1.0,2.0,1.0,3.0,5.0,0.0,21544.0,0.0,153.0,0.0,41.68,27.13,2.54
677,2022-08-20,1.0,1.0,1.0,0.0,0.0,0.0,1.0,1.0,0.0,0.0,1.0,2.0,1.0,3.0,5.0,0.0,21544.0,0.0,153.0,0.0,41.68,27.13,2.54
678,2022-08-21,1.0,1.0,1.0,0.0,0.0,0.0,1.0,1.0,0.0,0.0,1.0,2.0,1.0,3.0,5.0,0.0,21544.0,0.0,153.0,0.0,41.68,27.13,2.54
679,2022-08-22,1.0,1.0,1.0,0.0,0.0,0.0,1.0,1.0,0.0,0.0,1.0,2.0,1.0,3.0,5.0,0.0,21544.0,0.0,153.0,0.0,42.33,27.7,2.54
680,2022-08-23,1.0,1.0,1.0,0.0,0.0,0.0,1.0,1.0,0.0,0.0,1.0,2.0,1.0,3.0,5.0,0.0,21544.0,0.0,153.0,0.0,42.33,27.7,2.54
681,2022-08-24,1.0,1.0,1.0,0.0,0.0,0.0,1.0,1.0,0.0,0.0,1.0,2.0,1.0,3.0,5.0,0.0,21544.0,0.0,153.0,0.0,42.33,27.7,2.54
682,2022-08-25,1.0,1.0,1.0,0.0,0.0,0.0,1.0,1.0,0.0,0.0,1.0,2.0,1.0,3.0,5.0,0.0,21544.0,0.0,153.0,0.0,42.33,27.7,2.54
683,2022-08-26,1.0,1.0,1.0,0.0,0.0,0.0,1.0,1.0,0.0,0.0,1.0,2.0,1.0,3.0,5.0,0.0,21544.0,0.0,153.0,0.0,42.33,27.7,2.54
684,2022-08-27,1.0,1.0,1.0,0.0,0.0,0.0,1.0,1.0,0.0,0.0,1.0,2.0,1.0,3.0,5.0,0.0,21544.0,0.0,153.0,0.0,42.33,27.7,2.54
685,2022-08-28,1.0,1.0,1.0,0.0,0.0,0.0,1.0,1.0,0.0,0.0,1.0,2.0,1.0,3.0,5.0,0.0,21544.0,0.0,153.0,0.0,42.33,27.7,2.54
686,2022-08-29,1.0,1.0,1.0,0.0,0.0,0.0,1.0,1.0,0.0,0.0,1.0,2.0,1.0,3.0,5.0,0.0,21544.0,0.0,153.0,0.0,42.83,28.14,2.54
687,2022-08-30,1.0,1.0,1.0,0.0,0.0,0.0,1.0,1.0,0.0,0.0,1.0,2.0,1.0,3.0,5.0,0.0,21544.0,0.0,153.0,0.0,42.83,28.14,2.54
688,2022-08-31,1.0,1.0,1.0,0.0,0.0,0.0,1.0,1.0,0.0,0.0,1.0,2.0,1.0,3.0,5.0,0.0,21544.0,0.0,153.0,0.0,42.83,28.14,2.54
689,2022-09-01,1.0,1.0,1.0,0.0,0.0,0.0,1.0,1.0,0.0,0.0,1.0,2.0,1.0,3.0,5.0,0.0,21544.0,0.0,153.0,0.0,42.83,28.14,2.54
690,2022-09-02,1.0,1.0,1.0,0.0,0.0,0.0,1.0,1.0,0.0,0.0,1.0,2.0,1.0,3.0,5.0,0.0,21544.0,0.0,153.0,0.0,42.83,28.14,2.54
691,2022-09-03,1.0,1.0,1.0,0.0,0.0,0.0,1.0,1.0,0.0,0.0,1.0,2.0,1.0,3.0,5.0,0.0,21544.0,0.0,153.0,0.0,42.83,28.14,2.54
692,2022-09-04,1.0,1.0,1.0,0.0,0.0,0.0,1.0,1.0,0.0,0.0,1.0,2.0,1.0,3.0,5.0,0.0,21544.0,0.0,153.0,0.0,42.83,28.14,2.54
693,2022-09-05,1.0,1.0,1.0,0.0,0.0,0.0,1.0,1.0,0.0,0.0,1.0,2.0,1.0,3.0,5.0,0.0,21544.0,0.0,153.0,0.0,42.83,28.14,2.54
694,2022-09-06,1.0,1.0,1.0,0.0,0.0,0.0,1.0,1.0,0.0,0.0,1.0,2.0,1.0,3.0,5.0,0.0,21544.0,0.0,153.0,0.0,42.83,28.14,2.54
695,2022-09-07,1.0,1.0,1.0,0.0,0.0,0.0,1.0,1.0,0.0,0.0,1.0,2.0,1.0,3.0,5.0,0.0,21544.0,0.0,153.0,0.0,42.83,28.14,2.54
696,2022-09-08,1.0,1.0,1.0,0.0,0.0,0.0,1.0,1.0,0.0,0.0,1.0,2.0,1.0,3.0,5.0,0.0,21544.0,0.0,153.0,0.0,42.83,28.14,2.54
697,2022-09-09,1.0,1.0,1.0,0.0,0.0,0.0,1.0,1.0,0.0,0.0,1.0,2.0,1.0,3.0,5.0,0.0,21544.0,0.0,153.0,0.0,42.83,28.14,2.54
698,2022-09-10,1.0,1.0,1.0,0.0,0.0,0.0,1.0,1.0,0.0,0.0,1.0,2.0,1.0,3.0,5.0,0.0,21544.0,0.0,153.0,0.0,42.83,28.14,2.54
