,date,school_closing,workplace_closing,cancel_public_events,restrictions_on_gatherings,close_public_transport,stay_at_home_requirements,restrictions_on_internal_movement,international_travel_controls,income_support,debt/contract_relief,public_information_campaigns,testing_policy,contact_tracing,facial_coverings,vaccination_policy,protection_of_elderly_people,total_cases,new_cases,total_deaths,new_deaths,people_vaccinated_per_hundred,people_fully_vaccinated_per_hundred,total_boosters_per_hundred
0,2021-10-29,0.0,0.0,1.0,3.0,0.0,2.0,0.0,4.0,0.0,0.0,2.0,3.0,1.0,2.0,3.0,0.0,1.0,1.0,0.0,0.0,48.15,31.56,0.0
1,2021-10-30,0.0,0.0,1.0,3.0,0.0,2.0,0.0,4.0,0.0,0.0,2.0,3.0,1.0,2.0,3.0,0.0,1.0,0.0,0.0,0.0,48.15,31.56,0.0
2,2021-10-31,0.0,0.0,1.0,3.0,0.0,2.0,0.0,4.0,0.0,0.0,2.0,3.0,1.0,2.0,3.0,0.0,1.0,0.0,0.0,0.0,48.15,31.56,0.0
3,2021-11-01,0.0,0.0,1.0,3.0,0.0,2.0,0.0,4.0,0.0,0.0,2.0,3.0,1.0,2.0,3.0,0.0,1.0,0.0,0.0,0.0,51.43,35.07,0.0
4,2021-11-02,3.0,3.0,2.0,4.0,2.0,2.0,2.0,4.0,0.0,0.0,2.0,3.0,1.0,2.0,3.0,0.0,1.0,0.0,0.0,0.0,51.43,35.07,0.0
5,2021-11-03,3.0,3.0,2.0,4.0,2.0,2.0,2.0,4.0,0.0,0.0,2.0,3.0,1.0,2.0,3.0,0.0,1.0,0.0,0.0,0.0,51.43,35.07,0.0
6,2021-11-04,3.0,3.0,2.0,4.0,2.0,2.0,2.0,4.0,0.0,0.0,2.0,3.0,1.0,2.0,3.0,0.0,1.0,0.0,0.0,0.0,51.43,35.07,0.0
7,2021-11-05,3.0,3.0,2.0,4.0,2.0,2.0,2.0,4.0,0.0,0.0,2.0,3.0,1.0,2.0,3.0,0.0,1.0,0.0,0.0,0.0,51.43,35.07,0.0
8,2021-11-06,3.0,3.0,2.0,4.0,2.0,2.0,2.0,4.0,0.0,0.0,2.0,3.0,1.0,2.0,3.0,0.0,1.0,0.0,0.0,0.0,51.43,35.07,0.0
9,2021-11-07,3.0,3.0,2.0,4.0,2.0,2.0,2.0,4.0,0.0,0.0,2.0,3.0,1.0,2.0,3.0,0.0,1.0,0.0,0.0,0.0,51.43,35.07,0.0
10,2021-11-08,3.0,3.0,2.0,4.0,2.0,2.0,2.0,4.0,0.0,0.0,2.0,3.0,1.0,2.0,3.0,0.0,1.0,0.0,0.0,0.0,51.43,35.07,0.0
11,2021-11-09,1.0,0.0,1.0,3.0,0.0,2.0,0.0,4.0,0.0,0.0,2.0,3.0,1.0,2.0,3.0,0.0,1.0,0.0,0.0,0.0,51.43,35.07,0.0
12,2021-11-10,1.0,0.0,1.0,3.0,0.0,2.0,0.0,4.0,0.0,0.0,2.0,3.0,1.0,2.0,3.0,0.0,1.0,0.0,0.0,0.0,51.43,35.07,0.0
13,2021-11-11,1.0,0.0,1.0,3.0,0.0,2.0,0.0,4.0,0.0,0.0,2.0,3.0,1.0,2.0,3.0,0.0,1.0,0.0,0.0,0.0,51.43,35.07,0.0
14,2021-11-12,1.0,0.0,1.0,3.0,0.0,2.0,0.0,4.0,0.0,0.0,2.0,3.0,1.0,2.0,3.0,0.0,1.0,0.0,0.0,0.0,51.43,35.07,0.0
15,2021-11-13,1.0,0.0,1.0,3.0,0.0,2.0,0.0,4.0,0.0,0.0,2.0,3.0,1.0,2.0,3.0,0.0,1.0,0.0,0.0,0.0,51.43,35.07,0.0
16,2021-11-14,1.0,0.0,1.0,3.0,0.0,2.0,0.0,4.0,0.0,0.0,2.0,3.0,1.0,2.0,3.0,0.0,1.0,0.0,0.0,0.0,51.43,35.07,0.0
17,2021-11-15,1.0,0.0,1.0,3.0,0.0,2.0,0.0,4.0,0.0,0.0,2.0,3.0,1.0,2.0,3.0,0.0,1.0,0.0,0.0,0.0,59.67,37.08,0.0
18,2021-11-16,1.0,0.0,1.0,3.0,0.0,2.0,0.0,4.0,0.0,0.0,2.0,3.0,1.0,2.0,3.0,0.0,1.0,0.0,0.0,0.0,59.67,37.08,0.0
19,2021-11-17,1.0,0.0,1.0,3.0,0.0,2.0,0.0,4.0,0.0,0.0,2.0,3.0,1.0,2.0,3.0,0.0,1.0,0.0,0.0,0.0,59.67,37.08,0.0
20,2021-11-18,1.0,0.0,1.0,3.0,0.0,2.0,0.0,4.0,0.0,0.0,2.0,3.0,1.0,2.0,3.0,0.0,1.0,0.0,0.0,0.0,59.67,37.08,0.0
21,2021-11-19,1.0,0.0,1.0,3.0,0.0,2.0,0.0,4.0,0.0,0.0,2.0,3.0,1.0,2.0,3.0,0.0,1.0,0.0,0.0,0.0,59.67,37.08,0.0
22,2021-11-20,1.0,0.0,1.0,3.0,0.0,2.0,0.0,4.0,0.0,0.0,2.0,3.0,1.0,2.0,3.0,0.0,1.0,0.0,0.0,0.0,59.67,37.08,0.0
23,2021-11-21,1.0,0.0,1.0,3.0,0.0,2.0,0.0,4.0,0.0,0.0,2.0,3.0,1.0,2.0,3.0,0.0,1.0,0.0,0.0,0.0,59.67,37.08,0.0
24,2021-11-22,1.0,0.0,1.0,3.0,0.0,2.0,0.0,4.0,0.0,0.0,2.0,3.0,1.0,2.0,3.0,0.0,1.0,0.0,0.0,0.0,68.57,41.56,0.0
25,2021-11-23,1.0,0.0,1.0,3.0,0.0,2.0,0.0,4.0,0.0,0.0,2.0,3.0,1.0,2.0,3.0,0.0,1.0,0.0,0.0,0.0,68.57,41.56,0.0
26,2021-11-24,1.0,0.0,1.0,3.0,0.0,2.0,0.0,4.0,0.0,0.0,2.0,3.0,1.0,2.0,3.0,0.0,1.0,0.0,0.0,0.0,68.57,41.56,0.0
27,2021-11-25,1.0,0.0,1.0,3.0,0.0,2.0,0.0,4.0,0.0,0.0,2.0,3.0,1.0,2.0,3.0,0.0,1.0,0.0,0.0,0.0,68.57,41.56,0.0
28,2021-11-26,1.0,0.0,1.0,3.0,0.0,2.0,0.0,4.0,0.0,0.0,2.0,3.0,1.0,2.0,3.0,0.0,1.0,0.0,0.0,0.0,68.57,41.56,0.0
29,2021-11-27,1.0,0.0,1.0,3.0,0.0,2.0,0.0,4.0,0.0,0.0,2.0,3.0,1.0,2.0,3.0,0.0,1.0,0.0,0.0,0.0,68.57,41.56,0.0
30,2021-11-28,1.0,0.0,1.0,3.0,0.0,2.0,0.0,4.0,0.0,0.0,2.0,3.0,1.0,2.0,3.0,0.0,1.0,0.0,0.0,0.0,68.57,41.56,0.0
31,2021-11-29,1.0,0.0,1.0,3.0,0.0,2.0,0.0,4.0,0.0,0.0,2.0,3.0,1.0,2.0,3.0,0.0,1.0,0.0,0.0,0.0,68.57,41.56,0.0
32,2021-11-30,1.0,0.0,1.0,3.0,0.0,2.0,0.0,4.0,0.0,0.0,2.0,3.0,1.0,2.0,3.0,0.0,1.0,0.0,0.0,0.0,69.03,42.45,0.0
33,2021-12-01,1.0,0.0,1.0,3.0,0.0,2.0,0.0,4.0,0.0,0.0,2.0,3.0,1.0,2.0,3.0,0.0,1.0,0.0,0.0,0.0,69.03,42.45,0.0
34,2021-12-02,1.0,0.0,1.0,3.0,0.0,2.0,0.0,4.0,0.0,0.0,2.0,3.0,1.0,2.0,3.0,0.0,1.0,0.0,0.0,0.0,69.03,42.45,0.0
35,2021-12-03,1.0,0.0,1.0,3.0,0.0,2.0,0.0,4.0,0.0,0.0,2.0,3.0,1.0,2.0,3.0,0.0,1.0,0.0,0.0,0.0,69.03,42.45,0.0
36,2021-12-04,1.0,0.0,1.0,3.0,0.0,2.0,0.0,4.0,0.0,0.0,2.0,3.0,1.0,2.0,3.0,0.0,1.0,0.0,0.0,0.0,69.03,42.45,0.0
37,2021-12-05,1.0,0.0,1.0,3.0,0.0,2.0,0.0,4.0,0.0,0.0,2.0,3.0,1.0,2.0,3.0,0.0,1.0,0.0,0.0,0.0,69.03,42.45,0.0
38,2021-12-06,1.0,0.0,2.0,3.0,0.0,2.0,0.0,4.0,0.0,0.0,2.0,3.0,1.0,2.0,5.0,0.0,1.0,0.0,0.0,0.0,69.14,43.61,0.0
39,2021-12-07,1.0,0.0,2.0,3.0,0.0,2.0,0.0,4.0,0.0,0.0,2.0,3.0,1.0,2.0,5.0,0.0,1.0,0.0,0.0,0.0,69.14,43.61,0.0
40,2021-12-08,1.0,0.0,1.0,3.0,0.0,2.0,0.0,4.0,0.0,0.0,2.0,3.0,1.0,2.0,5.0,0.0,1.0,0.0,0.0,0.0,69.14,43.61,0.0
41,2021-12-09,1.0,0.0,1.0,3.0,0.0,2.0,0.0,4.0,0.0,0.0,2.0,3.0,1.0,2.0,5.0,0.0,1.0,0.0,0.0,0.0,69.14,43.61,0.0
42,2021-12-10,1.0,0.0,1.0,3.0,0.0,2.0,0.0,4.0,0.0,0.0,2.0,3.0,1.0,2.0,5.0,0.0,1.0,0.0,0.0,0.0,69.14,43.61,0.0
43,2021-12-11,1.0,0.0,1.0,3.0,0.0,2.0,0.0,4.0,0.0,0.0,2.0,3.0,1.0,2.0,5.0,0.0,1.0,0.0,0.0,0.0,69.14,43.61,0.0
44,2021-12-12,1.0,0.0,1.0,3.0,0.0,2.0,0.0,4.0,0.0,0.0,2.0,3.0,1.0,2.0,5.0,0.0,1.0,0.0,0.0,0.0,69.14,43.61,0.0
45,2021-12-13,1.0,0.0,1.0,3.0,0.0,2.0,0.0,4.0,0.0,0.0,2.0,3.0,1.0,2.0,5.0,0.0,1.0,0.0,0.0,0.0,69.14,43.61,0.0
46,2021-12-14,1.0,0.0,1.0,3.0,0.0,2.0,0.0,4.0,0.0,0.0,2.0,3.0,1.0,2.0,5.0,0.0,1.0,0.0,0.0,0.0,69.14,43.61,0.0
47,2021-12-15,1.0,0.0,1.0,3.0,0.0,2.0,0.0,4.0,0.0,0.0,2.0,3.0,1.0,2.0,5.0,0.0,1.0,0.0,0.0,0.0,69.14,43.61,0.0
48,2021-12-16,1.0,0.0,1.0,3.0,0.0,2.0,0.0,4.0,0.0,0.0,2.0,3.0,1.0,2.0,5.0,0.0,1.0,0.0,0.0,0.0,69.14,43.61,0.0
49,2021-12-17,1.0,0.0,1.0,3.0,0.0,2.0,0.0,4.0,0.0,0.0,2.0,3.0,1.0,2.0,5.0,0.0,1.0,0.0,0.0,0.0,69.14,43.61,0.0
50,2021-12-18,1.0,0.0,1.0,3.0,0.0,2.0,0.0,4.0,0.0,0.0,2.0,3.0,1.0,2.0,5.0,0.0,1.0,0.0,0.0,0.0,69.14,43.61,0.0
51,2021-12-19,1.0,0.0,1.0,3.0,0.0,2.0,0.0,4.0,0.0,0.0,2.0,3.0,1.0,2.0,5.0,0.0,1.0,0.0,0.0,0.0,69.14,43.61,0.0
52,2021-12-20,1.0,0.0,1.0,3.0,0.0,2.0,0.0,4.0,0.0,0.0,2.0,3.0,1.0,2.0,5.0,0.0,1.0,0.0,0.0,0.0,69.43,53.41,0.0
53,2021-12-21,1.0,0.0,1.0,3.0,0.0,2.0,0.0,4.0,0.0,0.0,2.0,3.0,1.0,2.0,5.0,0.0,1.0,0.0,0.0,0.0,69.43,53.41,0.0
54,2021-12-22,1.0,0.0,1.0,3.0,0.0,2.0,0.0,4.0,0.0,0.0,2.0,3.0,1.0,2.0,5.0,0.0,1.0,0.0,0.0,0.0,69.43,53.41,0.0
55,2021-12-23,1.0,0.0,1.0,3.0,0.0,2.0,0.0,4.0,0.0,0.0,2.0,3.0,1.0,2.0,5.0,0.0,1.0,0.0,0.0,0.0,69.43,53.41,0.0
56,2021-12-24,1.0,0.0,1.0,3.0,0.0,2.0,0.0,4.0,0.0,0.0,2.0,3.0,1.0,2.0,5.0,0.0,1.0,0.0,0.0,0.0,69.43,53.41,0.0
57,2021-12-25,1.0,0.0,1.0,3.0,0.0,2.0,0.0,4.0,0.0,0.0,2.0,3.0,1.0,2.0,5.0,0.0,1.0,0.0,0.0,0.0,69.43,53.41,0.0
58,2021-12-26,1.0,0.0,1.0,3.0,0.0,2.0,0.0,4.0,0.0,0.0,2.0,3.0,1.0,2.0,5.0,0.0,1.0,0.0,0.0,0.0,69.43,53.41,0.0
59,2021-12-27,1.0,0.0,1.0,3.0,0.0,2.0,0.0,4.0,0.0,0.0,2.0,3.0,1.0,2.0,5.0,0.0,1.0,0.0,0.0,0.0,69.43,53.41,0.0
60,2021-12-28,1.0,0.0,1.0,3.0,0.0,2.0,0.0,4.0,0.0,0.0,2.0,3.0,1.0,2.0,5.0,0.0,1.0,0.0,0.0,0.0,69.43,53.41,0.0
61,2021-12-29,1.0,0.0,1.0,3.0,0.0,2.0,0.0,4.0,0.0,0.0,2.0,3.0,1.0,2.0,5.0,0.0,1.0,0.0,0.0,0.0,69.43,53.41,0.0
62,2021-12-30,1.0,0.0,1.0,3.0,0.0,2.0,0.0,4.0,0.0,0.0,2.0,3.0,1.0,2.0,5.0,0.0,1.0,0.0,0.0,0.0,69.43,53.41,0.0
63,2021-12-31,1.0,0.0,1.0,3.0,0.0,2.0,0.0,4.0,0.0,0.0,2.0,3.0,1.0,2.0,5.0,0.0,1.0,0.0,0.0,0.0,69.43,53.41,0.0
64,2022-01-01,1.0,0.0,1.0,3.0,0.0,2.0,0.0,4.0,0.0,0.0,2.0,3.0,1.0,2.0,5.0,0.0,1.0,0.0,0.0,0.0,69.43,53.41,0.0
65,2022-01-02,1.0,0.0,1.0,3.0,0.0,2.0,0.0,4.0,0.0,0.0,2.0,3.0,1.0,2.0,5.0,0.0,1.0,0.0,0.0,0.0,69.43,53.41,0.0
66,2022-01-03,1.0,0.0,1.0,3.0,0.0,2.0,0.0,4.0,0.0,0.0,2.0,3.0,1.0,2.0,5.0,0.0,1.0,0.0,0.0,0.0,69.43,53.41,0.0
67,2022-01-04,1.0,0.0,1.0,3.0,0.0,2.0,0.0,4.0,0.0,0.0,2.0,3.0,1.0,2.0,5.0,0.0,1.0,0.0,0.0,0.0,69.69,59.32,0.0
68,2022-01-05,1.0,0.0,1.0,3.0,0.0,2.0,0.0,4.0,0.0,0.0,2.0,3.0,1.0,2.0,5.0,0.0,1.0,0.0,0.0,0.0,69.69,59.32,0.0
69,2022-01-06,1.0,0.0,1.0,3.0,0.0,2.0,0.0,4.0,0.0,0.0,2.0,3.0,1.0,2.0,5.0,0.0,1.0,0.0,0.0,0.0,69.69,59.32,0.0
70,2022-01-07,1.0,0.0,1.0,3.0,0.0,2.0,0.0,4.0,0.0,0.0,2.0,3.0,1.0,2.0,5.0,0.0,1.0,0.0,0.0,0.0,69.69,59.32,0.0
71,2022-01-08,1.0,0.0,1.0,3.0,0.0,2.0,0.0,4.0,0.0,0.0,2.0,3.0,1.0,2.0,5.0,0.0,1.0,0.0,0.0,0.0,69.69,59.32,0.0
72,2022-01-09,1.0,0.0,1.0,3.0,0.0,2.0,0.0,4.0,0.0,0.0,2.0,3.0,1.0,2.0,5.0,0.0,1.0,0.0,0.0,0.0,69.69,59.32,0.0
73,2022-01-10,1.0,0.0,1.0,3.0,0.0,2.0,0.0,4.0,0.0,0.0,2.0,3.0,1.0,2.0,5.0,0.0,1.0,0.0,0.0,0.0,69.69,59.32,0.0
74,2022-01-11,1.0,0.0,1.0,3.0,0.0,2.0,0.0,4.0,0.0,0.0,2.0,3.0,1.0,2.0,5.0,0.0,1.0,0.0,0.0,0.0,69.76,60.55,0.0
75,2022-01-12,1.0,0.0,1.0,3.0,0.0,2.0,0.0,4.0,0.0,0.0,2.0,3.0,1.0,2.0,5.0,0.0,1.0,0.0,0.0,0.0,69.76,60.55,0.0
76,2022-01-13,1.0,0.0,1.0,3.0,0.0,2.0,0.0,4.0,0.0,0.0,2.0,3.0,1.0,2.0,5.0,0.0,1.0,0.0,0.0,0.0,69.76,60.55,0.0
77,2022-01-14,1.0,0.0,1.0,3.0,0.0,2.0,0.0,4.0,0.0,0.0,2.0,3.0,1.0,2.0,5.0,0.0,1.0,0.0,0.0,0.0,69.76,60.55,0.0
78,2022-01-15,1.0,0.0,1.0,3.0,0.0,2.0,0.0,4.0,0.0,0.0,2.0,3.0,1.0,2.0,5.0,0.0,1.0,0.0,0.0,0.0,69.76,60.55,0.0
79,2022-01-16,1.0,0.0,1.0,3.0,0.0,2.0,0.0,4.0,0.0,0.0,2.0,3.0,1.0,2.0,5.0,0.0,1.0,0.0,0.0,0.0,69.76,60.55,0.0
80,2022-01-17,1.0,0.0,1.0,3.0,0.0,2.0,0.0,4.0,0.0,0.0,2.0,3.0,1.0,2.0,5.0,0.0,1.0,0.0,0.0,0.0,69.76,60.55,0.0
81,2022-01-18,1.0,0.0,1.0,3.0,0.0,2.0,0.0,4.0,0.0,0.0,2.0,3.0,1.0,2.0,5.0,0.0,1.0,0.0,0.0,0.0,69.8,61.01,0.0
82,2022-01-19,1.0,0.0,1.0,3.0,0.0,2.0,0.0,4.0,0.0,0.0,2.0,3.0,1.0,2.0,5.0,0.0,1.0,0.0,0.0,0.0,69.8,61.01,0.0
83,2022-01-20,1.0,0.0,1.0,3.0,0.0,2.0,0.0,4.0,0.0,0.0,2.0,3.0,1.0,2.0,5.0,0.0,1.0,0.0,0.0,0.0,69.8,61.01,0.0
84,2022-01-21,1.0,0.0,1.0,3.0,0.0,2.0,0.0,4.0,0.0,0.0,2.0,3.0,1.0,2.0,5.0,0.0,1.0,0.0,0.0,0.0,69.8,61.01,0.0
85,2022-01-22,1.0,0.0,1.0,3.0,0.0,2.0,0.0,4.0,0.0,0.0,2.0,3.0,1.0,2.0,5.0,0.0,1.0,0.0,0.0,0.0,69.8,61.01,0.0
86,2022-01-23,1.0,0.0,1.0,3.0,0.0,2.0,0.0,4.0,0.0,0.0,2.0,3.0,1.0,2.0,5.0,0.0,1.0,0.0,0.0,0.0,69.8,61.01,0.0
87,2022-01-24,1.0,0.0,1.0,3.0,0.0,2.0,0.0,4.0,0.0,0.0,2.0,3.0,1.0,2.0,5.0,0.0,1.0,0.0,0.0,0.0,69.8,61.01,0.0
88,2022-01-25,1.0,0.0,1.0,3.0,0.0,2.0,0.0,4.0,0.0,0.0,2.0,3.0,1.0,2.0,5.0,0.0,1.0,0.0,0.0,0.0,69.8,61.01,0.0
89,2022-01-26,1.0,0.0,1.0,3.0,0.0,2.0,0.0,4.0,0.0,0.0,2.0,3.0,1.0,2.0,5.0,0.0,1.0,0.0,0.0,0.0,69.8,61.01,0.0
90,2022-01-27,1.0,0.0,1.0,3.0,0.0,2.0,0.0,4.0,0.0,0.0,2.0,3.0,1.0,2.0,5.0,0.0,1.0,0.0,0.0,0.0,69.8,61.01,0.0
91,2022-01-28,1.0,0.0,1.0,3.0,0.0,2.0,0.0,4.0,0.0,0.0,2.0,3.0,1.0,2.0,5.0,0.0,1.0,0.0,0.0,0.0,69.8,61.01,0.0
92,2022-01-29,1.0,0.0,1.0,3.0,0.0,2.0,0.0,4.0,0.0,0.0,2.0,3.0,1.0,2.0,5.0,0.0,1.0,0.0,0.0,0.0,69.8,61.01,0.0
93,2022-01-30,1.0,0.0,1.0,3.0,0.0,2.0,0.0,4.0,0.0,0.0,2.0,3.0,1.0,2.0,5.0,0.0,1.0,0.0,0.0,0.0,69.8,61.01,0.0
94,2022-01-31,1.0,0.0,1.0,3.0,0.0,2.0,0.0,4.0,0.0,0.0,2.0,3.0,1.0,2.0,5.0,0.0,1.0,0.0,0.0,0.0,69.8,61.01,0.0
95,2022-02-01,1.0,0.0,2.0,3.0,0.0,2.0,0.0,4.0,0.0,0.0,2.0,3.0,1.0,1.0,5.0,0.0,1.0,0.0,0.0,0.0,69.8,61.01,0.0
96,2022-02-02,3.0,3.0,2.0,4.0,2.0,2.0,2.0,4.0,0.0,0.0,2.0,3.0,1.0,4.0,5.0,0.0,5.0,4.0,0.0,0.0,69.8,61.01,0.0
97,2022-02-03,3.0,3.0,2.0,4.0,2.0,2.0,2.0,4.0,0.0,0.0,2.0,3.0,1.0,4.0,5.0,0.0,6.0,1.0,0.0,0.0,69.8,61.01,0.0
98,2022-02-04,3.0,3.0,2.0,4.0,2.0,2.0,2.0,4.0,0.0,0.0,2.0,3.0,1.0,4.0,5.0,0.0,7.0,1.0,0.0,0.0,69.8,61.01,0.0
99,2022-02-05,3.0,3.0,2.0,4.0,2.0,2.0,2.0,4.0,0.0,0.0,2.0,3.0,1.0,4.0,5.0,0.0,7.0,0.0,0.0,0.0,69.8,61.01,0.0
100,2022-02-06,3.0,3.0,2.0,4.0,2.0,2.0,2.0,4.0,0.0,0.0,2.0,3.0,1.0,4.0,5.0,0.0,7.0,0.0,0.0,0.0,69.8,61.01,0.0
101,2022-02-07,3.0,3.0,2.0,4.0,2.0,2.0,2.0,4.0,0.0,0.0,2.0,3.0,1.0,4.0,5.0,0.0,9.0,2.0,0.0,0.0,69.8,61.01,0.0
102,2022-02-08,3.0,3.0,2.0,4.0,2.0,2.0,2.0,4.0,0.0,0.0,2.0,3.0,1.0,4.0,5.0,0.0,15.0,6.0,0.0,0.0,69.8,61.01,0.0
103,2022-02-09,3.0,3.0,2.0,4.0,2.0,2.0,2.0,4.0,0.0,0.0,2.0,3.0,1.0,4.0,5.0,0.0,35.0,20.0,0.0,0.0,69.8,61.01,0.0
104,2022-02-10,3.0,3.0,2.0,4.0,2.0,2.0,2.0,4.0,0.0,0.0,2.0,3.0,1.0,4.0,5.0,0.0,66.0,31.0,0.0,0.0,69.8,61.01,0.0
105,2022-02-11,3.0,3.0,2.0,4.0,2.0,2.0,2.0,4.0,0.0,0.0,2.0,3.0,1.0,4.0,5.0,0.0,73.0,7.0,0.0,0.0,69.8,61.01,0.0
106,2022-02-12,3.0,3.0,2.0,4.0,2.0,2.0,2.0,4.0,0.0,0.0,2.0,3.0,1.0,4.0,5.0,0.0,73.0,0.0,0.0,0.0,69.8,61.01,0.0
107,2022-02-13,3.0,3.0,2.0,4.0,2.0,2.0,2.0,4.0,0.0,0.0,2.0,3.0,1.0,4.0,5.0,0.0,141.0,68.0,0.0,0.0,69.8,61.01,0.0
108,2022-02-14,3.0,3.0,2.0,4.0,2.0,2.0,2.0,4.0,0.0,0.0,2.0,3.0,1.0,4.0,5.0,0.0,141.0,0.0,0.0,0.0,69.8,61.01,0.0
109,2022-02-15,3.0,3.0,2.0,4.0,2.0,2.0,2.0,4.0,0.0,0.0,2.0,3.0,1.0,4.0,5.0,0.0,141.0,0.0,0.0,0.0,69.8,61.01,0.0
110,2022-02-16,3.0,3.0,2.0,4.0,2.0,2.0,2.0,4.0,0.0,0.0,2.0,3.0,1.0,4.0,5.0,0.0,141.0,0.0,0.0,0.0,69.8,61.01,0.0
111,2022-02-17,3.0,3.0,2.0,4.0,2.0,2.0,2.0,4.0,0.0,0.0,2.0,3.0,1.0,4.0,5.0,0.0,210.0,69.0,0.0,0.0,69.8,61.01,0.0
112,2022-02-18,3.0,3.0,2.0,4.0,2.0,2.0,2.0,4.0,0.0,0.0,2.0,3.0,1.0,4.0,5.0,0.0,234.0,24.0,0.0,0.0,69.8,61.01,0.0
113,2022-02-19,3.0,3.0,2.0,4.0,2.0,2.0,2.0,4.0,0.0,0.0,2.0,3.0,1.0,4.0,5.0,0.0,234.0,0.0,0.0,0.0,69.8,61.01,0.0
114,2022-02-20,3.0,3.0,2.0,4.0,2.0,2.0,2.0,4.0,0.0,0.0,2.0,3.0,1.0,4.0,5.0,0.0,234.0,0.0,0.0,0.0,69.8,61.01,0.0
115,2022-02-21,3.0,2.0,2.0,4.0,2.0,2.0,2.0,4.0,0.0,0.0,2.0,3.0,1.0,4.0,5.0,0.0,234.0,0.0,0.0,0.0,71.56,65.17,0.0
116,2022-02-22,3.0,2.0,2.0,4.0,2.0,2.0,2.0,4.0,0.0,0.0,2.0,3.0,1.0,4.0,5.0,0.0,254.0,20.0,0.0,0.0,71.56,65.17,0.0
117,2022-02-23,3.0,2.0,2.0,4.0,2.0,2.0,2.0,4.0,0.0,0.0,2.0,3.0,1.0,4.0,5.0,0.0,289.0,35.0,0.0,0.0,71.56,65.17,0.0
118,2022-02-24,3.0,2.0,2.0,4.0,2.0,2.0,2.0,4.0,0.0,0.0,2.0,3.0,1.0,4.0,5.0,0.0,289.0,0.0,0.0,0.0,71.56,65.17,0.0
119,2022-02-25,3.0,2.0,2.0,4.0,2.0,2.0,2.0,4.0,0.0,0.0,2.0,3.0,1.0,4.0,5.0,0.0,355.0,66.0,1.0,1.0,71.56,65.17,0.0
120,2022-02-26,3.0,2.0,2.0,4.0,2.0,2.0,2.0,4.0,0.0,0.0,2.0,3.0,1.0,4.0,5.0,0.0,355.0,0.0,1.0,0.0,71.56,65.17,0.0
121,2022-02-27,3.0,2.0,2.0,4.0,2.0,2.0,2.0,4.0,0.0,0.0,2.0,3.0,1.0,4.0,5.0,0.0,355.0,0.0,1.0,0.0,71.56,65.17,0.0
122,2022-02-28,2.0,2.0,2.0,4.0,2.0,2.0,2.0,4.0,0.0,0.0,2.0,3.0,1.0,4.0,5.0,0.0,355.0,0.0,0.0,0.0,72.54,66.29,0.0
123,2022-03-01,2.0,2.0,2.0,4.0,2.0,2.0,2.0,4.0,0.0,0.0,2.0,3.0,1.0,4.0,5.0,0.0,355.0,0.0,0.0,0.0,72.54,66.29,0.0
124,2022-03-02,2.0,2.0,2.0,4.0,2.0,2.0,2.0,4.0,0.0,0.0,2.0,3.0,1.0,4.0,5.0,0.0,355.0,0.0,0.0,0.0,72.54,66.29,0.0
125,2022-03-03,2.0,2.0,2.0,4.0,2.0,2.0,2.0,4.0,0.0,0.0,2.0,3.0,1.0,4.0,5.0,0.0,645.0,290.0,0.0,0.0,72.54,66.29,0.0
126,2022-03-04,2.0,2.0,2.0,4.0,2.0,2.0,2.0,4.0,0.0,0.0,2.0,3.0,1.0,4.0,5.0,0.0,715.0,70.0,0.0,0.0,72.54,66.29,0.0
127,2022-03-05,2.0,2.0,2.0,4.0,2.0,2.0,2.0,4.0,0.0,0.0,2.0,3.0,1.0,4.0,5.0,0.0,898.0,183.0,0.0,0.0,72.54,66.29,0.0
128,2022-03-06,2.0,2.0,2.0,4.0,2.0,2.0,2.0,4.0,0.0,0.0,2.0,3.0,1.0,4.0,5.0,0.0,898.0,0.0,0.0,0.0,72.54,66.29,0.0
129,2022-03-07,2.0,2.0,2.0,4.0,2.0,2.0,1.0,4.0,0.0,0.0,2.0,3.0,1.0,4.0,5.0,0.0,1059.0,161.0,0.0,0.0,72.54,66.29,0.0
130,2022-03-08,2.0,2.0,2.0,4.0,2.0,2.0,1.0,4.0,0.0,0.0,2.0,3.0,1.0,4.0,5.0,0.0,1059.0,0.0,0.0,0.0,72.54,66.29,0.0
131,2022-03-09,2.0,2.0,2.0,4.0,2.0,2.0,1.0,4.0,0.0,0.0,2.0,3.0,1.0,4.0,5.0,0.0,1220.0,161.0,0.0,0.0,72.54,66.29,0.0
132,2022-03-10,2.0,2.0,2.0,4.0,2.0,2.0,1.0,4.0,0.0,0.0,2.0,3.0,1.0,4.0,5.0,0.0,1320.0,100.0,0.0,0.0,72.54,66.29,0.0
133,2022-03-11,2.0,2.0,2.0,4.0,2.0,2.0,1.0,4.0,0.0,0.0,2.0,3.0,1.0,4.0,5.0,0.0,1320.0,0.0,0.0,0.0,72.54,66.29,0.0
134,2022-03-12,2.0,2.0,2.0,4.0,2.0,2.0,1.0,4.0,0.0,0.0,2.0,3.0,1.0,4.0,5.0,0.0,1513.0,193.0,2.0,2.0,72.54,66.29,0.0
135,2022-03-13,2.0,2.0,2.0,4.0,2.0,2.0,1.0,4.0,0.0,0.0,2.0,3.0,1.0,4.0,5.0,0.0,1708.0,195.0,2.0,0.0,72.54,66.29,0.0
136,2022-03-14,2.0,2.0,2.0,4.0,2.0,2.0,1.0,4.0,0.0,0.0,2.0,3.0,1.0,4.0,5.0,0.0,1875.0,167.0,2.0,0.0,72.54,66.29,0.0
137,2022-03-15,2.0,2.0,2.0,4.0,2.0,2.0,1.0,4.0,0.0,0.0,2.0,3.0,1.0,4.0,5.0,0.0,2072.0,197.0,2.0,0.0,72.54,66.29,0.0
138,2022-03-16,2.0,2.0,2.0,4.0,2.0,2.0,1.0,4.0,0.0,0.0,2.0,3.0,1.0,4.0,5.0,0.0,2072.0,0.0,2.0,0.0,72.54,66.29,0.0
139,2022-03-17,2.0,2.0,2.0,4.0,2.0,2.0,1.0,4.0,0.0,0.0,2.0,3.0,1.0,4.0,5.0,0.0,2530.0,458.0,2.0,0.0,72.54,66.29,0.0
140,2022-03-18,2.0,2.0,2.0,4.0,2.0,2.0,1.0,4.0,0.0,0.0,2.0,3.0,1.0,4.0,5.0,0.0,2788.0,258.0,2.0,0.0,72.54,66.29,0.0
141,2022-03-19,2.0,2.0,2.0,4.0,2.0,2.0,1.0,4.0,0.0,0.0,2.0,3.0,1.0,4.0,5.0,0.0,2788.0,0.0,2.0,0.0,72.54,66.29,0.0
142,2022-03-20,3.0,3.0,2.0,4.0,2.0,2.0,2.0,4.0,0.0,0.0,2.0,3.0,1.0,4.0,5.0,0.0,3232.0,444.0,2.0,0.0,72.54,66.29,0.0
143,2022-03-21,3.0,3.0,2.0,4.0,2.0,2.0,2.0,4.0,0.0,0.0,2.0,3.0,1.0,4.0,5.0,0.0,3418.0,186.0,2.0,0.0,72.54,66.29,0.0
144,2022-03-22,3.0,3.0,2.0,4.0,2.0,2.0,2.0,4.0,0.0,0.0,2.0,3.0,1.0,4.0,5.0,0.0,3784.0,366.0,2.0,0.0,72.54,66.29,0.0
145,2022-03-23,3.0,3.0,2.0,4.0,2.0,2.0,2.0,4.0,0.0,0.0,2.0,3.0,1.0,4.0,5.0,0.0,3784.0,0.0,2.0,0.0,72.54,66.29,0.0
146,2022-03-24,3.0,3.0,2.0,4.0,2.0,2.0,2.0,4.0,0.0,0.0,2.0,3.0,1.0,4.0,5.0,0.0,4537.0,753.0,2.0,0.0,72.54,66.29,0.0
147,2022-03-25,3.0,3.0,2.0,4.0,2.0,2.0,2.0,4.0,0.0,0.0,2.0,3.0,1.0,4.0,5.0,0.0,4872.0,335.0,2.0,0.0,72.54,66.29,0.0
148,2022-03-26,3.0,3.0,2.0,4.0,2.0,2.0,2.0,4.0,0.0,0.0,2.0,3.0,1.0,4.0,5.0,0.0,5332.0,460.0,2.0,0.0,72.54,66.29,0.0
149,2022-03-27,3.0,3.0,2.0,4.0,2.0,2.0,2.0,4.0,0.0,0.0,2.0,3.0,1.0,4.0,5.0,0.0,5591.0,259.0,2.0,0.0,72.54,66.29,0.0
150,2022-03-28,3.0,3.0,2.0,4.0,2.0,2.0,2.0,4.0,0.0,0.0,2.0,3.0,1.0,4.0,5.0,0.0,5591.0,0.0,2.0,0.0,72.54,66.29,0.0
151,2022-03-29,3.0,3.0,2.0,4.0,2.0,2.0,2.0,4.0,0.0,0.0,2.0,3.0,1.0,4.0,5.0,0.0,5591.0,0.0,2.0,0.0,72.54,66.29,0.0
152,2022-03-30,3.0,3.0,2.0,4.0,2.0,2.0,2.0,4.0,0.0,0.0,2.0,3.0,1.0,4.0,5.0,0.0,6423.0,832.0,6.0,4.0,72.54,66.29,0.0
153,2022-03-31,3.0,3.0,2.0,4.0,2.0,2.0,2.0,4.0,0.0,0.0,2.0,3.0,1.0,4.0,5.0,0.0,6423.0,0.0,6.0,0.0,72.54,66.29,0.0
154,2022-04-01,3.0,3.0,2.0,4.0,2.0,2.0,2.0,4.0,0.0,0.0,2.0,3.0,1.0,4.0,5.0,0.0,6546.0,123.0,6.0,0.0,72.54,66.29,0.0
155,2022-04-02,3.0,3.0,2.0,4.0,2.0,2.0,2.0,4.0,0.0,0.0,2.0,3.0,1.0,4.0,5.0,0.0,6996.0,450.0,9.0,3.0,72.54,66.29,0.0
156,2022-04-03,3.0,3.0,2.0,4.0,2.0,2.0,2.0,4.0,1.0,0.0,2.0,3.0,1.0,4.0,5.0,0.0,7127.0,131.0,9.0,0.0,72.54,66.29,0.0
157,2022-04-04,3.0,3.0,2.0,4.0,2.0,2.0,2.0,4.0,1.0,0.0,2.0,3.0,1.0,4.0,5.0,0.0,7234.0,107.0,9.0,0.0,72.54,66.29,18.8
158,2022-04-05,3.0,3.0,2.0,4.0,2.0,2.0,2.0,4.0,1.0,0.0,2.0,3.0,1.0,4.0,5.0,0.0,7385.0,151.0,9.0,0.0,72.54,66.29,18.8
159,2022-04-06,3.0,3.0,2.0,4.0,2.0,2.0,2.0,4.0,1.0,0.0,2.0,3.0,1.0,4.0,5.0,0.0,7528.0,143.0,9.0,0.0,72.54,66.29,18.8
160,2022-04-07,3.0,3.0,2.0,4.0,2.0,2.0,2.0,4.0,1.0,0.0,2.0,3.0,1.0,4.0,5.0,0.0,7665.0,137.0,9.0,0.0,72.54,66.29,18.8
161,2022-04-08,3.0,3.0,2.0,4.0,2.0,2.0,2.0,4.0,1.0,0.0,2.0,3.0,1.0,4.0,5.0,0.0,7931.0,266.0,9.0,0.0,72.54,66.29,18.8
162,2022-04-09,3.0,3.0,2.0,4.0,2.0,2.0,2.0,4.0,1.0,0.0,2.0,3.0,1.0,4.0,5.0,0.0,7931.0,0.0,9.0,0.0,72.54,66.29,18.8
163,2022-04-10,3.0,3.0,2.0,4.0,2.0,2.0,2.0,4.0,1.0,0.0,2.0,3.0,1.0,4.0,5.0,0.0,7931.0,0.0,9.0,0.0,72.54,66.29,18.8
164,2022-04-11,3.0,3.0,2.0,4.0,2.0,2.0,2.0,4.0,1.0,0.0,2.0,3.0,1.0,4.0,5.0,0.0,8444.0,513.0,9.0,0.0,73.57,67.78,29.59
165,2022-04-12,3.0,3.0,2.0,4.0,2.0,2.0,2.0,4.0,1.0,0.0,2.0,3.0,1.0,4.0,5.0,0.0,8559.0,115.0,11.0,2.0,73.57,67.78,29.59
166,2022-04-13,3.0,3.0,2.0,4.0,2.0,2.0,2.0,4.0,1.0,0.0,2.0,3.0,1.0,4.0,5.0,0.0,8761.0,202.0,11.0,0.0,73.57,67.78,29.59
167,2022-04-14,3.0,3.0,2.0,4.0,2.0,2.0,2.0,4.0,1.0,0.0,2.0,3.0,1.0,4.0,5.0,0.0,8842.0,81.0,11.0,0.0,73.57,67.78,29.59
168,2022-04-15,3.0,3.0,2.0,4.0,2.0,2.0,2.0,4.0,1.0,0.0,2.0,3.0,1.0,4.0,5.0,0.0,8842.0,0.0,11.0,0.0,73.57,67.78,29.59
169,2022-04-16,3.0,3.0,2.0,4.0,2.0,2.0,2.0,4.0,1.0,0.0,2.0,3.0,1.0,4.0,5.0,0.0,8922.0,80.0,11.0,0.0,73.57,67.78,29.59
170,2022-04-17,3.0,3.0,2.0,4.0,2.0,2.0,2.0,4.0,1.0,0.0,2.0,3.0,1.0,4.0,5.0,0.0,9025.0,103.0,11.0,0.0,73.57,67.78,29.59
171,2022-04-18,3.0,3.0,2.0,4.0,2.0,2.0,2.0,4.0,1.0,0.0,2.0,3.0,1.0,4.0,5.0,0.0,9025.0,0.0,11.0,0.0,73.57,67.78,29.59
172,2022-04-19,3.0,3.0,2.0,4.0,2.0,2.0,2.0,4.0,1.0,0.0,2.0,3.0,1.0,4.0,5.0,0.0,9106.0,81.0,11.0,0.0,73.57,67.78,29.59
173,2022-04-20,3.0,3.0,2.0,4.0,2.0,2.0,2.0,4.0,1.0,0.0,2.0,3.0,1.0,4.0,5.0,0.0,9220.0,114.0,11.0,0.0,73.57,67.78,29.59
174,2022-04-21,3.0,3.0,2.0,4.0,2.0,2.0,2.0,4.0,1.0,0.0,2.0,3.0,1.0,4.0,5.0,0.0,9468.0,248.0,11.0,0.0,73.57,67.78,29.59
175,2022-04-22,3.0,3.0,2.0,4.0,2.0,2.0,2.0,4.0,1.0,0.0,2.0,3.0,1.0,4.0,5.0,0.0,9553.0,85.0,11.0,0.0,73.57,67.78,29.59
176,2022-04-23,3.0,3.0,2.0,4.0,2.0,2.0,2.0,4.0,1.0,0.0,2.0,3.0,1.0,4.0,5.0,0.0,9553.0,0.0,11.0,0.0,73.57,67.78,29.59
177,2022-04-24,3.0,3.0,2.0,4.0,2.0,2.0,2.0,4.0,1.0,0.0,2.0,3.0,1.0,4.0,5.0,0.0,9553.0,0.0,11.0,0.0,73.57,67.78,29.59
178,2022-04-25,3.0,3.0,2.0,4.0,2.0,2.0,2.0,4.0,1.0,0.0,2.0,3.0,1.0,4.0,5.0,0.0,9697.0,144.0,11.0,0.0,73.57,67.78,29.59
179,2022-04-26,3.0,3.0,2.0,4.0,2.0,2.0,2.0,4.0,1.0,0.0,2.0,3.0,1.0,4.0,5.0,0.0,9838.0,141.0,11.0,0.0,73.57,67.78,29.59
180,2022-04-27,3.0,3.0,2.0,4.0,2.0,2.0,2.0,4.0,1.0,0.0,2.0,3.0,1.0,4.0,5.0,0.0,9838.0,0.0,11.0,0.0,73.57,67.78,29.59
181,2022-04-28,3.0,3.0,2.0,4.0,2.0,2.0,2.0,4.0,1.0,0.0,2.0,3.0,1.0,4.0,5.0,0.0,10065.0,227.0,11.0,0.0,73.57,67.78,29.59
182,2022-04-29,3.0,3.0,2.0,4.0,2.0,2.0,2.0,4.0,1.0,0.0,2.0,3.0,1.0,4.0,5.0,0.0,10196.0,131.0,11.0,0.0,73.57,67.78,29.59
183,2022-04-30,3.0,3.0,2.0,4.0,2.0,2.0,2.0,4.0,1.0,0.0,2.0,3.0,1.0,4.0,5.0,0.0,10196.0,0.0,11.0,0.0,73.57,67.78,29.59
184,2022-05-01,3.0,3.0,2.0,4.0,2.0,2.0,2.0,4.0,1.0,0.0,2.0,3.0,1.0,4.0,5.0,0.0,10196.0,0.0,11.0,0.0,73.57,67.78,29.59
185,2022-05-02,3.0,3.0,2.0,4.0,2.0,2.0,2.0,4.0,1.0,0.0,2.0,3.0,1.0,4.0,5.0,0.0,10452.0,256.0,11.0,0.0,77.17,68.38,34.11
186,2022-05-03,3.0,3.0,2.0,4.0,2.0,2.0,2.0,4.0,1.0,0.0,2.0,3.0,1.0,4.0,5.0,0.0,10494.0,42.0,11.0,0.0,77.17,68.38,34.11
187,2022-05-04,3.0,3.0,2.0,4.0,2.0,2.0,2.0,4.0,1.0,0.0,2.0,3.0,1.0,4.0,5.0,0.0,10494.0,0.0,11.0,0.0,77.17,68.38,34.11
188,2022-05-05,3.0,3.0,2.0,4.0,2.0,2.0,2.0,4.0,1.0,0.0,2.0,3.0,1.0,4.0,5.0,0.0,10494.0,0.0,11.0,0.0,77.17,68.38,34.11
189,2022-05-06,3.0,3.0,2.0,4.0,2.0,2.0,2.0,4.0,1.0,0.0,2.0,3.0,1.0,4.0,5.0,0.0,10765.0,271.0,11.0,0.0,77.17,68.38,34.11
190,2022-05-07,2.0,1.0,0.0,0.0,2.0,2.0,1.0,4.0,1.0,0.0,2.0,3.0,1.0,4.0,5.0,0.0,10765.0,0.0,11.0,0.0,77.17,68.38,34.11
191,2022-05-08,2.0,1.0,0.0,0.0,2.0,2.0,1.0,4.0,1.0,0.0,2.0,3.0,1.0,4.0,5.0,0.0,10765.0,0.0,11.0,0.0,77.17,68.38,34.11
192,2022-05-09,2.0,1.0,0.0,0.0,0.0,2.0,1.0,4.0,1.0,0.0,2.0,3.0,1.0,4.0,5.0,0.0,10765.0,0.0,11.0,0.0,77.17,68.38,34.11
193,2022-05-10,2.0,1.0,0.0,0.0,0.0,2.0,1.0,4.0,1.0,0.0,2.0,3.0,1.0,4.0,5.0,0.0,10826.0,61.0,11.0,0.0,77.17,68.38,34.11
194,2022-05-11,2.0,1.0,0.0,0.0,0.0,2.0,1.0,4.0,1.0,0.0,2.0,3.0,1.0,4.0,5.0,0.0,10950.0,124.0,11.0,0.0,77.17,68.38,34.11
195,2022-05-12,2.0,1.0,0.0,0.0,0.0,2.0,1.0,4.0,1.0,0.0,2.0,3.0,1.0,4.0,5.0,0.0,11049.0,99.0,11.0,0.0,77.17,68.38,34.11
196,2022-05-13,2.0,1.0,0.0,0.0,0.0,2.0,1.0,4.0,1.0,0.0,2.0,3.0,1.0,4.0,5.0,0.0,11049.0,0.0,11.0,0.0,77.17,68.38,34.11
197,2022-05-14,2.0,1.0,0.0,0.0,0.0,2.0,1.0,4.0,1.0,0.0,2.0,3.0,1.0,4.0,5.0,0.0,11049.0,0.0,11.0,0.0,77.17,68.38,34.11
198,2022-05-15,2.0,1.0,0.0,0.0,0.0,2.0,1.0,4.0,1.0,0.0,2.0,3.0,1.0,4.0,5.0,0.0,11190.0,141.0,11.0,0.0,77.17,68.38,34.11
199,2022-05-16,2.0,1.0,0.0,0.0,0.0,2.0,1.0,4.0,1.0,0.0,2.0,3.0,1.0,4.0,5.0,0.0,11280.0,90.0,11.0,0.0,77.17,68.38,34.11
200,2022-05-17,2.0,1.0,0.0,0.0,0.0,2.0,1.0,4.0,1.0,0.0,2.0,3.0,1.0,4.0,5.0,0.0,11280.0,0.0,11.0,0.0,77.17,68.38,34.11
201,2022-05-18,2.0,1.0,0.0,0.0,0.0,2.0,1.0,4.0,1.0,0.0,2.0,3.0,1.0,4.0,5.0,0.0,11394.0,114.0,11.0,0.0,77.17,68.38,34.11
202,2022-05-19,2.0,1.0,0.0,0.0,0.0,2.0,1.0,4.0,1.0,0.0,2.0,3.0,1.0,4.0,5.0,0.0,11394.0,0.0,11.0,0.0,77.17,68.38,34.11
203,2022-05-20,2.0,1.0,0.0,0.0,0.0,2.0,1.0,4.0,1.0,0.0,2.0,3.0,1.0,4.0,5.0,0.0,11394.0,0.0,11.0,0.0,77.17,68.38,34.11
204,2022-05-21,2.0,1.0,0.0,0.0,0.0,2.0,1.0,4.0,1.0,0.0,2.0,3.0,1.0,4.0,5.0,0.0,11500.0,106.0,11.0,0.0,77.17,68.38,34.11
205,2022-05-22,2.0,1.0,0.0,0.0,0.0,2.0,1.0,4.0,1.0,0.0,2.0,3.0,1.0,4.0,5.0,0.0,11500.0,0.0,11.0,0.0,77.17,68.38,34.11
206,2022-05-23,2.0,1.0,0.0,0.0,0.0,2.0,1.0,4.0,1.0,0.0,2.0,3.0,1.0,4.0,5.0,0.0,11500.0,0.0,11.0,0.0,77.17,68.38,34.11
207,2022-05-24,2.0,1.0,0.0,0.0,0.0,2.0,1.0,4.0,1.0,0.0,2.0,3.0,1.0,4.0,5.0,0.0,11500.0,0.0,11.0,0.0,77.17,68.38,34.11
208,2022-05-25,2.0,1.0,0.0,0.0,0.0,2.0,1.0,4.0,1.0,0.0,2.0,3.0,1.0,4.0,5.0,0.0,11500.0,0.0,11.0,0.0,77.17,68.38,34.11
209,2022-05-26,2.0,1.0,0.0,0.0,0.0,2.0,1.0,4.0,1.0,0.0,2.0,3.0,1.0,4.0,5.0,0.0,11500.0,0.0,11.0,0.0,77.17,68.38,34.11
210,2022-05-27,2.0,1.0,0.0,0.0,0.0,2.0,1.0,4.0,1.0,0.0,2.0,3.0,1.0,4.0,5.0,0.0,11566.0,66.0,11.0,0.0,77.17,68.38,34.11
211,2022-05-28,2.0,1.0,0.0,0.0,0.0,2.0,1.0,4.0,1.0,0.0,2.0,3.0,1.0,4.0,5.0,0.0,11636.0,70.0,11.0,0.0,77.17,68.38,34.11
212,2022-05-29,2.0,1.0,0.0,0.0,0.0,2.0,1.0,4.0,1.0,0.0,2.0,3.0,1.0,4.0,5.0,0.0,11636.0,0.0,11.0,0.0,77.17,68.38,34.11
213,2022-05-30,2.0,1.0,0.0,0.0,0.0,2.0,1.0,4.0,1.0,0.0,2.0,3.0,1.0,4.0,5.0,0.0,11644.0,8.0,12.0,1.0,77.17,68.38,34.11
214,2022-05-31,2.0,1.0,0.0,0.0,0.0,2.0,1.0,4.0,1.0,0.0,2.0,3.0,1.0,4.0,5.0,0.0,11644.0,0.0,12.0,0.0,77.17,68.38,34.11
215,2022-06-01,2.0,1.0,0.0,0.0,0.0,2.0,1.0,4.0,1.0,0.0,2.0,3.0,1.0,4.0,5.0,0.0,11742.0,98.0,12.0,0.0,77.17,68.38,34.11
216,2022-06-02,2.0,1.0,0.0,0.0,0.0,2.0,1.0,4.0,1.0,0.0,2.0,3.0,1.0,4.0,5.0,0.0,11742.0,0.0,12.0,0.0,77.17,68.38,34.11
217,2022-06-03,2.0,1.0,0.0,0.0,0.0,2.0,1.0,4.0,1.0,0.0,2.0,3.0,1.0,4.0,5.0,0.0,11769.0,27.0,12.0,0.0,77.17,68.38,34.11
218,2022-06-04,2.0,1.0,0.0,0.0,0.0,2.0,1.0,4.0,1.0,0.0,2.0,3.0,1.0,4.0,5.0,0.0,11769.0,0.0,12.0,0.0,77.17,68.38,34.11
219,2022-06-05,2.0,1.0,0.0,0.0,0.0,2.0,1.0,4.0,1.0,0.0,2.0,3.0,1.0,4.0,5.0,0.0,11769.0,0.0,12.0,0.0,77.17,68.38,34.11
220,2022-06-06,0.0,1.0,0.0,0.0,0.0,2.0,1.0,4.0,1.0,0.0,2.0,3.0,1.0,4.0,5.0,0.0,11769.0,0.0,12.0,0.0,77.17,68.38,34.11
221,2022-06-07,0.0,1.0,0.0,0.0,0.0,2.0,2.0,4.0,1.0,0.0,2.0,2.0,1.0,4.0,5.0,0.0,11890.0,121.0,12.0,0.0,77.17,68.38,34.11
222,2022-06-08,0.0,1.0,0.0,0.0,0.0,2.0,2.0,4.0,1.0,0.0,2.0,2.0,1.0,4.0,5.0,0.0,11909.0,19.0,12.0,0.0,77.17,68.38,34.11
223,2022-06-09,0.0,1.0,0.0,0.0,0.0,2.0,2.0,4.0,1.0,0.0,2.0,2.0,1.0,4.0,5.0,0.0,11909.0,0.0,12.0,0.0,77.17,68.38,34.11
224,2022-06-10,0.0,1.0,0.0,0.0,0.0,2.0,2.0,4.0,1.0,0.0,2.0,2.0,1.0,4.0,5.0,0.0,11909.0,0.0,12.0,0.0,77.17,68.38,34.11
225,2022-06-11,0.0,1.0,0.0,0.0,0.0,2.0,2.0,4.0,1.0,0.0,2.0,2.0,1.0,4.0,5.0,0.0,11909.0,0.0,12.0,0.0,77.17,68.38,34.11
226,2022-06-12,0.0,1.0,0.0,0.0,0.0,2.0,2.0,4.0,1.0,0.0,2.0,2.0,1.0,4.0,5.0,0.0,11909.0,0.0,12.0,0.0,77.17,68.38,34.11
227,2022-06-13,0.0,1.0,0.0,0.0,0.0,2.0,2.0,4.0,1.0,0.0,2.0,2.0,1.0,4.0,5.0,0.0,11909.0,0.0,12.0,0.0,77.17,68.38,34.11
228,2022-06-14,0.0,1.0,0.0,0.0,0.0,2.0,2.0,4.0,1.0,0.0,2.0,2.0,1.0,4.0,5.0,0.0,11909.0,0.0,12.0,0.0,77.17,68.38,34.11
229,2022-06-15,0.0,1.0,0.0,0.0,0.0,2.0,2.0,4.0,1.0,0.0,2.0,2.0,1.0,4.0,5.0,0.0,11909.0,0.0,12.0,0.0,77.17,68.38,34.11
230,2022-06-16,0.0,1.0,0.0,0.0,0.0,2.0,2.0,4.0,1.0,0.0,2.0,2.0,1.0,4.0,5.0,0.0,11909.0,0.0,12.0,0.0,77.17,68.38,34.11
231,2022-06-17,0.0,1.0,0.0,0.0,0.0,2.0,2.0,4.0,1.0,0.0,2.0,2.0,1.0,4.0,5.0,0.0,12079.0,170.0,12.0,0.0,77.17,68.38,34.11
232,2022-06-18,0.0,1.0,0.0,0.0,0.0,2.0,2.0,4.0,1.0,0.0,2.0,2.0,1.0,4.0,5.0,0.0,12079.0,0.0,12.0,0.0,77.17,68.38,34.11
233,2022-06-19,0.0,1.0,0.0,0.0,0.0,2.0,2.0,4.0,1.0,0.0,2.0,2.0,1.0,4.0,5.0,0.0,12079.0,0.0,12.0,0.0,77.17,68.38,34.11
234,2022-06-20,0.0,1.0,0.0,0.0,0.0,2.0,2.0,4.0,1.0,0.0,2.0,2.0,1.0,4.0,5.0,0.0,12079.0,0.0,12.0,0.0,77.17,68.38,35.11
235,2022-06-21,0.0,1.0,0.0,0.0,0.0,2.0,2.0,4.0,1.0,0.0,2.0,2.0,1.0,4.0,5.0,0.0,12079.0,0.0,12.0,0.0,77.17,68.38,35.11
236,2022-06-22,0.0,1.0,0.0,0.0,0.0,2.0,2.0,4.0,1.0,0.0,2.0,2.0,1.0,4.0,5.0,0.0,12079.0,0.0,12.0,0.0,77.17,68.38,35.11
237,2022-06-23,0.0,1.0,0.0,0.0,0.0,2.0,2.0,4.0,1.0,0.0,2.0,2.0,1.0,4.0,5.0,0.0,12079.0,0.0,12.0,0.0,77.17,68.38,35.11
238,2022-06-24,0.0,1.0,0.0,0.0,0.0,2.0,2.0,4.0,1.0,0.0,2.0,2.0,1.0,4.0,5.0,0.0,12079.0,0.0,12.0,0.0,77.17,68.38,35.11
239,2022-06-25,0.0,1.0,0.0,0.0,0.0,2.0,2.0,4.0,1.0,0.0,2.0,2.0,1.0,4.0,5.0,0.0,12079.0,0.0,12.0,0.0,77.17,68.38,35.11
240,2022-06-26,0.0,1.0,0.0,0.0,0.0,2.0,2.0,4.0,1.0,0.0,2.0,2.0,1.0,4.0,5.0,0.0,12079.0,0.0,12.0,0.0,77.17,68.38,35.11
241,2022-06-27,0.0,1.0,0.0,0.0,0.0,2.0,2.0,4.0,1.0,0.0,2.0,2.0,1.0,4.0,5.0,0.0,12301.0,222.0,12.0,0.0,77.17,68.38,35.11
242,2022-06-28,0.0,1.0,0.0,0.0,0.0,2.0,2.0,4.0,1.0,0.0,2.0,2.0,1.0,4.0,5.0,0.0,12301.0,0.0,12.0,0.0,77.17,68.38,35.11
243,2022-06-29,0.0,1.0,0.0,0.0,0.0,2.0,2.0,4.0,1.0,0.0,2.0,2.0,1.0,4.0,5.0,0.0,12301.0,0.0,12.0,0.0,77.17,68.38,35.11
244,2022-06-30,0.0,1.0,0.0,0.0,0.0,2.0,2.0,4.0,1.0,0.0,2.0,2.0,1.0,4.0,5.0,0.0,12301.0,0.0,12.0,0.0,77.17,68.38,35.11
245,2022-07-01,0.0,1.0,0.0,0.0,0.0,2.0,2.0,4.0,0.0,1.0,2.0,2.0,1.0,4.0,5.0,0.0,12301.0,0.0,12.0,0.0,77.17,68.38,35.11
246,2022-07-02,0.0,1.0,0.0,0.0,0.0,2.0,2.0,4.0,0.0,1.0,2.0,2.0,1.0,4.0,5.0,0.0,12301.0,0.0,12.0,0.0,77.17,68.38,35.11
247,2022-07-03,0.0,1.0,0.0,0.0,0.0,2.0,2.0,4.0,0.0,1.0,2.0,2.0,1.0,4.0,5.0,0.0,12301.0,0.0,12.0,0.0,77.17,68.38,35.11
248,2022-07-04,0.0,1.0,0.0,0.0,0.0,2.0,2.0,4.0,0.0,1.0,2.0,2.0,1.0,4.0,5.0,0.0,12301.0,0.0,12.0,0.0,77.17,68.38,35.11
249,2022-07-05,0.0,1.0,0.0,0.0,0.0,2.0,2.0,4.0,0.0,1.0,2.0,2.0,1.0,4.0,5.0,0.0,12301.0,0.0,12.0,0.0,77.17,68.38,35.11
250,2022-07-06,1.0,2.0,1.0,3.0,0.0,2.0,2.0,4.0,0.0,1.0,2.0,2.0,1.0,4.0,5.0,0.0,12301.0,0.0,12.0,0.0,77.17,68.38,35.11
251,2022-07-07,1.0,2.0,1.0,3.0,0.0,2.0,2.0,4.0,0.0,1.0,2.0,2.0,1.0,4.0,5.0,0.0,12301.0,0.0,12.0,0.0,77.17,68.38,35.11
252,2022-07-08,1.0,2.0,1.0,3.0,0.0,2.0,2.0,4.0,0.0,1.0,2.0,2.0,1.0,4.0,5.0,0.0,12382.0,81.0,12.0,0.0,77.17,68.38,35.11
253,2022-07-09,1.0,2.0,1.0,3.0,0.0,2.0,2.0,4.0,0.0,1.0,2.0,2.0,1.0,4.0,5.0,0.0,12382.0,0.0,12.0,0.0,77.17,68.38,35.11
254,2022-07-10,1.0,2.0,1.0,3.0,0.0,2.0,2.0,4.0,0.0,1.0,2.0,2.0,1.0,4.0,5.0,0.0,12382.0,0.0,12.0,0.0,77.17,68.38,35.11
255,2022-07-11,1.0,2.0,1.0,3.0,0.0,2.0,2.0,4.0,0.0,1.0,2.0,2.0,1.0,4.0,5.0,0.0,12382.0,0.0,12.0,0.0,77.17,68.38,35.11
256,2022-07-12,1.0,2.0,1.0,3.0,0.0,2.0,2.0,4.0,0.0,1.0,2.0,2.0,1.0,4.0,5.0,0.0,12382.0,0.0,12.0,0.0,77.17,68.38,35.11
257,2022-07-13,1.0,2.0,1.0,3.0,0.0,2.0,2.0,4.0,0.0,1.0,2.0,2.0,1.0,4.0,5.0,0.0,12382.0,0.0,12.0,0.0,77.17,68.38,35.11
258,2022-07-14,1.0,2.0,1.0,3.0,0.0,2.0,2.0,4.0,0.0,1.0,2.0,2.0,1.0,4.0,5.0,0.0,12382.0,0.0,12.0,0.0,77.17,68.38,35.11
259,2022-07-15,1.0,2.0,1.0,3.0,0.0,2.0,2.0,4.0,0.0,1.0,2.0,2.0,1.0,4.0,5.0,0.0,12382.0,0.0,12.0,0.0,77.17,68.38,35.11
260,2022-07-16,1.0,2.0,1.0,3.0,0.0,2.0,2.0,4.0,0.0,1.0,2.0,2.0,1.0,4.0,5.0,0.0,12382.0,0.0,12.0,0.0,77.17,68.38,35.11
261,2022-07-17,1.0,2.0,1.0,3.0,0.0,2.0,2.0,4.0,0.0,1.0,2.0,2.0,1.0,4.0,5.0,0.0,12439.0,57.0,12.0,0.0,77.17,68.38,35.11
262,2022-07-18,1.0,2.0,1.0,3.0,0.0,2.0,2.0,4.0,0.0,1.0,2.0,2.0,1.0,4.0,5.0,0.0,12439.0,0.0,12.0,0.0,77.17,68.38,35.11
263,2022-07-19,1.0,2.0,1.0,3.0,0.0,2.0,2.0,4.0,0.0,1.0,2.0,2.0,1.0,4.0,5.0,0.0,12439.0,0.0,12.0,0.0,77.17,68.38,35.11
264,2022-07-20,1.0,2.0,1.0,3.0,0.0,2.0,2.0,4.0,0.0,1.0,2.0,2.0,1.0,4.0,5.0,0.0,12439.0,0.0,12.0,0.0,77.17,68.38,35.11
265,2022-07-21,1.0,2.0,1.0,3.0,0.0,2.0,2.0,4.0,0.0,1.0,2.0,2.0,1.0,4.0,5.0,0.0,12493.0,54.0,12.0,0.0,77.17,68.38,35.11
266,2022-07-22,1.0,2.0,1.0,3.0,0.0,2.0,2.0,4.0,0.0,1.0,2.0,2.0,1.0,4.0,5.0,0.0,12493.0,0.0,12.0,0.0,77.17,68.38,35.11
267,2022-07-23,1.0,2.0,1.0,3.0,0.0,2.0,2.0,4.0,0.0,1.0,2.0,2.0,1.0,4.0,5.0,0.0,12515.0,22.0,12.0,0.0,77.17,68.38,35.11
268,2022-07-24,1.0,2.0,1.0,3.0,0.0,2.0,2.0,4.0,0.0,1.0,2.0,2.0,1.0,4.0,5.0,0.0,12515.0,0.0,12.0,0.0,77.17,68.38,35.11
269,2022-07-25,1.0,2.0,1.0,3.0,0.0,2.0,2.0,4.0,0.0,1.0,2.0,2.0,1.0,4.0,5.0,0.0,12515.0,0.0,12.0,0.0,81.75,71.9,35.31
270,2022-07-26,1.0,2.0,1.0,3.0,0.0,2.0,2.0,4.0,0.0,1.0,2.0,2.0,1.0,4.0,5.0,0.0,12539.0,24.0,12.0,0.0,81.75,71.9,35.31
271,2022-07-27,1.0,2.0,1.0,3.0,0.0,2.0,2.0,4.0,0.0,1.0,2.0,2.0,1.0,4.0,5.0,0.0,12539.0,0.0,12.0,0.0,81.75,71.9,35.31
272,2022-07-28,1.0,2.0,1.0,3.0,0.0,2.0,2.0,4.0,0.0,1.0,2.0,2.0,1.0,4.0,5.0,0.0,12539.0,0.0,12.0,0.0,81.75,71.9,35.31
273,2022-07-29,1.0,2.0,1.0,3.0,0.0,2.0,2.0,4.0,0.0,1.0,2.0,2.0,1.0,4.0,5.0,0.0,12554.0,15.0,12.0,0.0,81.75,71.9,35.31
274,2022-07-30,1.0,2.0,1.0,3.0,0.0,2.0,2.0,4.0,0.0,1.0,2.0,2.0,1.0,4.0,5.0,0.0,12554.0,0.0,12.0,0.0,81.75,71.9,35.31
275,2022-07-31,1.0,2.0,1.0,3.0,0.0,2.0,2.0,4.0,0.0,1.0,2.0,2.0,1.0,4.0,5.0,0.0,12554.0,0.0,12.0,0.0,81.75,71.9,35.31
276,2022-08-01,1.0,2.0,1.0,0.0,0.0,2.0,2.0,1.0,0.0,1.0,2.0,3.0,1.0,4.0,5.0,0.0,12554.0,0.0,12.0,0.0,81.75,71.9,35.31
277,2022-08-02,1.0,2.0,1.0,0.0,0.0,2.0,2.0,1.0,0.0,1.0,2.0,3.0,1.0,4.0,5.0,0.0,12554.0,0.0,12.0,0.0,81.75,71.9,35.31
278,2022-08-03,1.0,2.0,1.0,0.0,0.0,2.0,2.0,1.0,0.0,1.0,2.0,3.0,1.0,4.0,5.0,0.0,12554.0,0.0,12.0,0.0,81.75,71.9,35.31
279,2022-08-04,1.0,2.0,1.0,0.0,0.0,2.0,2.0,1.0,0.0,1.0,2.0,3.0,1.0,4.0,5.0,0.0,12554.0,0.0,12.0,0.0,81.75,71.9,35.31
280,2022-08-05,1.0,2.0,1.0,0.0,0.0,2.0,2.0,1.0,0.0,1.0,2.0,3.0,1.0,4.0,5.0,0.0,12554.0,0.0,12.0,0.0,81.75,71.9,35.31
281,2022-08-06,1.0,2.0,1.0,0.0,0.0,2.0,2.0,1.0,0.0,1.0,2.0,3.0,1.0,4.0,5.0,0.0,12554.0,0.0,12.0,0.0,81.75,71.9,35.31
282,2022-08-07,1.0,2.0,1.0,0.0,0.0,2.0,2.0,1.0,0.0,1.0,2.0,3.0,1.0,4.0,5.0,0.0,12836.0,282.0,12.0,0.0,81.75,71.9,35.31
283,2022-08-08,1.0,2.0,1.0,0.0,0.0,2.0,2.0,1.0,0.0,1.0,2.0,3.0,1.0,4.0,5.0,0.0,12836.0,0.0,12.0,0.0,81.75,71.9,35.31
284,2022-08-09,1.0,2.0,1.0,0.0,0.0,2.0,2.0,1.0,0.0,1.0,2.0,3.0,1.0,4.0,5.0,0.0,12836.0,0.0,12.0,0.0,81.75,71.9,35.31
285,2022-08-10,1.0,2.0,1.0,0.0,0.0,2.0,2.0,1.0,0.0,1.0,2.0,3.0,1.0,4.0,5.0,0.0,12836.0,0.0,12.0,0.0,81.75,71.9,35.31
286,2022-08-11,1.0,2.0,1.0,0.0,0.0,2.0,2.0,1.0,0.0,1.0,2.0,3.0,1.0,4.0,5.0,0.0,13405.0,569.0,12.0,0.0,81.75,71.9,35.31
287,2022-08-12,1.0,2.0,1.0,0.0,0.0,2.0,2.0,1.0,0.0,1.0,2.0,3.0,1.0,4.0,5.0,0.0,13405.0,0.0,12.0,0.0,81.75,71.9,35.31
288,2022-08-13,1.0,2.0,1.0,0.0,0.0,2.0,2.0,1.0,0.0,1.0,2.0,3.0,1.0,4.0,5.0,0.0,13405.0,0.0,12.0,0.0,81.75,71.9,35.31
289,2022-08-14,1.0,2.0,1.0,0.0,0.0,2.0,2.0,1.0,0.0,1.0,2.0,3.0,1.0,4.0,5.0,0.0,13405.0,0.0,12.0,0.0,81.75,71.9,35.31
290,2022-08-15,1.0,2.0,1.0,0.0,0.0,2.0,2.0,1.0,0.0,1.0,2.0,3.0,1.0,4.0,5.0,0.0,13405.0,0.0,12.0,0.0,82.1,72.22,35.48
291,2022-08-16,1.0,2.0,1.0,0.0,0.0,2.0,2.0,1.0,0.0,1.0,2.0,3.0,1.0,4.0,5.0,0.0,14135.0,730.0,12.0,0.0,82.1,72.22,35.48
292,2022-08-17,1.0,2.0,1.0,0.0,0.0,2.0,2.0,1.0,0.0,1.0,2.0,3.0,1.0,4.0,5.0,0.0,14135.0,0.0,12.0,0.0,82.1,72.22,35.48
293,2022-08-18,1.0,2.0,1.0,0.0,0.0,2.0,2.0,1.0,0.0,1.0,2.0,3.0,1.0,4.0,5.0,0.0,14135.0,0.0,12.0,0.0,82.1,72.22,35.48
294,2022-08-19,1.0,2.0,1.0,0.0,0.0,2.0,2.0,1.0,0.0,1.0,2.0,3.0,1.0,4.0,5.0,0.0,14135.0,0.0,12.0,0.0,82.1,72.22,35.48
295,2022-08-20,1.0,2.0,1.0,0.0,0.0,2.0,2.0,1.0,0.0,1.0,2.0,3.0,1.0,4.0,5.0,0.0,14135.0,0.0,12.0,0.0,82.1,72.22,35.48
296,2022-08-21,1.0,2.0,1.0,0.0,0.0,2.0,2.0,1.0,0.0,1.0,2.0,3.0,1.0,4.0,5.0,0.0,14135.0,0.0,12.0,0.0,82.1,72.22,35.48
297,2022-08-22,1.0,2.0,1.0,0.0,0.0,2.0,2.0,1.0,0.0,1.0,2.0,3.0,1.0,4.0,5.0,0.0,14135.0,0.0,12.0,0.0,85.54,72.22,35.48
298,2022-08-23,1.0,2.0,1.0,0.0,0.0,2.0,2.0,1.0,0.0,1.0,2.0,3.0,1.0,4.0,5.0,0.0,14135.0,0.0,12.0,0.0,85.54,72.22,35.48
299,2022-08-24,1.0,2.0,1.0,0.0,0.0,2.0,2.0,1.0,0.0,1.0,2.0,3.0,1.0,4.0,5.0,0.0,14135.0,0.0,12.0,0.0,85.54,72.22,35.48
300,2022-08-25,1.0,2.0,1.0,0.0,0.0,2.0,2.0,1.0,0.0,1.0,2.0,3.0,1.0,4.0,5.0,0.0,14741.0,606.0,12.0,0.0,85.54,72.22,35.48
301,2022-08-26,1.0,2.0,1.0,0.0,0.0,2.0,2.0,1.0,0.0,1.0,2.0,3.0,1.0,4.0,5.0,0.0,15235.0,494.0,12.0,0.0,85.54,72.22,35.48
302,2022-08-27,1.0,2.0,1.0,0.0,0.0,2.0,2.0,1.0,0.0,1.0,2.0,3.0,1.0,4.0,5.0,0.0,15235.0,0.0,12.0,0.0,85.54,72.22,35.48
303,2022-08-28,1.0,2.0,1.0,0.0,0.0,2.0,2.0,1.0,0.0,1.0,2.0,3.0,1.0,4.0,5.0,0.0,15235.0,0.0,12.0,0.0,85.54,72.22,35.48
304,2022-08-29,1.0,2.0,1.0,0.0,0.0,2.0,2.0,1.0,0.0,1.0,2.0,3.0,1.0,4.0,5.0,0.0,15235.0,0.0,12.0,0.0,85.54,72.22,35.48
305,2022-08-30,1.0,2.0,1.0,0.0,0.0,2.0,2.0,1.0,0.0,1.0,2.0,3.0,1.0,4.0,5.0,0.0,15235.0,0.0,12.0,0.0,85.54,72.22,35.48
306,2022-08-31,1.0,2.0,1.0,0.0,0.0,2.0,2.0,1.0,0.0,1.0,2.0,3.0,1.0,4.0,5.0,0.0,15235.0,0.0,12.0,0.0,85.54,72.22,35.48
307,2022-09-01,1.0,2.0,1.0,0.0,0.0,2.0,2.0,1.0,0.0,1.0,2.0,3.0,1.0,4.0,5.0,0.0,15235.0,0.0,12.0,0.0,85.54,72.22,35.48
308,2022-09-02,1.0,2.0,1.0,0.0,0.0,2.0,2.0,1.0,0.0,1.0,2.0,3.0,1.0,4.0,5.0,0.0,15805.0,570.0,12.0,0.0,85.54,72.22,35.48
309,2022-09-03,1.0,2.0,1.0,0.0,0.0,2.0,2.0,1.0,0.0,1.0,2.0,3.0,1.0,4.0,5.0,0.0,15805.0,0.0,12.0,0.0,85.54,72.22,35.48
310,2022-09-04,1.0,2.0,1.0,0.0,0.0,2.0,2.0,1.0,0.0,1.0,2.0,3.0,1.0,4.0,5.0,0.0,15805.0,0.0,12.0,0.0,85.54,72.22,35.48
311,2022-09-05,1.0,2.0,1.0,0.0,0.0,2.0,2.0,1.0,0.0,1.0,2.0,3.0,1.0,4.0,5.0,0.0,16182.0,377.0,12.0,0.0,85.54,72.22,35.48
312,2022-09-06,1.0,2.0,1.0,0.0,0.0,2.0,2.0,1.0,0.0,1.0,2.0,3.0,1.0,4.0,5.0,0.0,16182.0,0.0,12.0,0.0,85.54,72.22,35.48
313,2022-09-07,1.0,2.0,1.0,0.0,0.0,2.0,2.0,1.0,0.0,1.0,2.0,3.0,1.0,4.0,5.0,0.0,16182.0,0.0,12.0,0.0,85.54,72.22,35.48
314,2022-09-08,1.0,2.0,1.0,0.0,0.0,2.0,2.0,1.0,0.0,1.0,2.0,3.0,1.0,4.0,5.0,0.0,16182.0,0.0,12.0,0.0,85.54,72.22,35.48
315,2022-09-09,1.0,2.0,1.0,0.0,0.0,2.0,2.0,1.0,0.0,1.0,2.0,3.0,1.0,4.0,5.0,0.0,16182.0,0.0,12.0,0.0,85.54,72.22,35.48
316,2022-09-10,1.0,2.0,1.0,0.0,0.0,2.0,2.0,1.0,0.0,1.0,2.0,3.0,1.0,4.0,5.0,0.0,16182.0,0.0,12.0,0.0,85.54,72.22,35.48
317,2022-09-11,1.0,2.0,1.0,0.0,0.0,2.0,2.0,1.0,0.0,1.0,2.0,3.0,1.0,4.0,5.0,0.0,16182.0,0.0,12.0,0.0,85.54,72.22,35.48
