,date,school_closing,workplace_closing,cancel_public_events,restrictions_on_gatherings,close_public_transport,stay_at_home_requirements,restrictions_on_internal_movement,international_travel_controls,income_support,debt/contract_relief,public_information_campaigns,testing_policy,contact_tracing,facial_coverings,vaccination_policy,protection_of_elderly_people,total_cases,new_cases,total_deaths,new_deaths,people_vaccinated_per_hundred,people_fully_vaccinated_per_hundred,total_boosters_per_hundred
0,2020-11-10,0.0,0.0,0.0,0.0,0.0,0.0,0.0,4.0,0.0,1.0,2.0,1.0,1.0,0.0,0.0,1.0,1.0,1.0,0.0,0.0,0.0,0.0,0.0
1,2020-11-11,0.0,0.0,0.0,0.0,0.0,0.0,0.0,4.0,0.0,1.0,2.0,1.0,2.0,0.0,0.0,1.0,1.0,0.0,0.0,0.0,0.0,0.0,0.0
2,2020-11-12,0.0,0.0,0.0,0.0,0.0,0.0,2.0,4.0,0.0,1.0,2.0,1.0,2.0,0.0,0.0,1.0,1.0,0.0,0.0,0.0,0.0,0.0,0.0
3,2020-11-13,0.0,0.0,0.0,0.0,0.0,0.0,2.0,4.0,0.0,1.0,2.0,1.0,2.0,0.0,0.0,1.0,1.0,0.0,0.0,0.0,0.0,0.0,0.0
4,2020-11-14,0.0,0.0,0.0,0.0,0.0,0.0,2.0,4.0,0.0,1.0,2.0,1.0,2.0,0.0,0.0,1.0,1.0,0.0,0.0,0.0,0.0,0.0,0.0
5,2020-11-15,0.0,0.0,0.0,0.0,0.0,0.0,2.0,4.0,0.0,1.0,2.0,1.0,2.0,0.0,0.0,1.0,1.0,0.0,0.0,0.0,0.0,0.0,0.0
6,2020-11-16,0.0,0.0,0.0,0.0,0.0,0.0,2.0,4.0,0.0,1.0,2.0,1.0,2.0,0.0,0.0,1.0,1.0,0.0,0.0,0.0,0.0,0.0,0.0
7,2020-11-17,0.0,0.0,0.0,0.0,0.0,0.0,2.0,4.0,0.0,1.0,2.0,1.0,2.0,0.0,0.0,1.0,1.0,0.0,0.0,0.0,0.0,0.0,0.0
8,2020-11-18,0.0,0.0,0.0,0.0,0.0,0.0,2.0,4.0,0.0,1.0,2.0,1.0,2.0,0.0,0.0,1.0,1.0,0.0,0.0,0.0,0.0,0.0,0.0
9,2020-11-19,0.0,0.0,0.0,0.0,0.0,0.0,2.0,4.0,0.0,1.0,2.0,1.0,2.0,0.0,0.0,1.0,1.0,0.0,0.0,0.0,0.0,0.0,0.0
10,2020-11-20,0.0,0.0,0.0,0.0,0.0,0.0,2.0,4.0,0.0,1.0,2.0,1.0,2.0,0.0,0.0,1.0,1.0,0.0,0.0,0.0,0.0,0.0,0.0
11,2020-11-21,0.0,0.0,0.0,0.0,0.0,0.0,2.0,4.0,0.0,1.0,2.0,1.0,2.0,0.0,0.0,1.0,1.0,0.0,0.0,0.0,0.0,0.0,0.0
12,2020-11-22,0.0,0.0,0.0,0.0,0.0,0.0,2.0,4.0,0.0,1.0,2.0,1.0,2.0,0.0,0.0,1.0,1.0,0.0,0.0,0.0,0.0,0.0,0.0
13,2020-11-23,0.0,0.0,0.0,0.0,0.0,0.0,2.0,4.0,0.0,1.0,2.0,1.0,2.0,0.0,0.0,1.0,1.0,0.0,0.0,0.0,0.0,0.0,0.0
14,2020-11-24,0.0,0.0,0.0,0.0,0.0,0.0,2.0,4.0,0.0,1.0,2.0,1.0,2.0,0.0,0.0,1.0,1.0,0.0,0.0,0.0,0.0,0.0,0.0
15,2020-11-25,0.0,0.0,0.0,0.0,0.0,0.0,2.0,4.0,0.0,1.0,2.0,1.0,2.0,0.0,0.0,1.0,1.0,0.0,0.0,0.0,0.0,0.0,0.0
16,2020-11-26,0.0,0.0,0.0,0.0,0.0,0.0,2.0,4.0,0.0,1.0,2.0,1.0,2.0,0.0,0.0,1.0,1.0,0.0,0.0,0.0,0.0,0.0,0.0
17,2020-11-27,0.0,0.0,0.0,0.0,0.0,0.0,2.0,4.0,0.0,1.0,2.0,1.0,2.0,0.0,0.0,1.0,1.0,0.0,0.0,0.0,0.0,0.0,0.0
18,2020-11-28,0.0,0.0,0.0,0.0,0.0,0.0,2.0,4.0,0.0,1.0,2.0,1.0,2.0,0.0,0.0,1.0,1.0,0.0,0.0,0.0,0.0,0.0,0.0
19,2020-11-29,0.0,0.0,0.0,0.0,0.0,0.0,2.0,4.0,0.0,1.0,2.0,1.0,2.0,0.0,0.0,1.0,1.0,0.0,0.0,0.0,0.0,0.0,0.0
20,2020-11-30,0.0,0.0,0.0,0.0,0.0,0.0,2.0,4.0,0.0,1.0,2.0,1.0,2.0,0.0,0.0,1.0,1.0,0.0,0.0,0.0,0.0,0.0,0.0
21,2020-12-01,0.0,0.0,0.0,0.0,0.0,0.0,2.0,4.0,0.0,1.0,2.0,1.0,2.0,0.0,0.0,0.0,1.0,0.0,0.0,0.0,0.0,0.0,0.0
22,2020-12-02,0.0,0.0,0.0,0.0,0.0,0.0,2.0,4.0,0.0,1.0,2.0,1.0,2.0,0.0,0.0,0.0,1.0,0.0,0.0,0.0,0.0,0.0,0.0
23,2020-12-03,0.0,0.0,0.0,0.0,0.0,0.0,2.0,4.0,0.0,1.0,2.0,1.0,2.0,0.0,0.0,0.0,1.0,0.0,0.0,0.0,0.0,0.0,0.0
24,2020-12-04,0.0,0.0,0.0,0.0,0.0,0.0,2.0,4.0,0.0,1.0,2.0,1.0,2.0,0.0,0.0,0.0,1.0,0.0,0.0,0.0,0.0,0.0,0.0
25,2020-12-05,0.0,0.0,0.0,0.0,0.0,0.0,2.0,4.0,0.0,1.0,2.0,1.0,2.0,0.0,0.0,0.0,1.0,0.0,0.0,0.0,0.0,0.0,0.0
26,2020-12-06,0.0,0.0,0.0,0.0,0.0,0.0,2.0,4.0,0.0,1.0,2.0,1.0,2.0,0.0,0.0,0.0,1.0,0.0,0.0,0.0,0.0,0.0,0.0
27,2020-12-07,0.0,0.0,0.0,0.0,0.0,0.0,2.0,4.0,0.0,1.0,2.0,1.0,2.0,0.0,0.0,0.0,1.0,0.0,0.0,0.0,0.0,0.0,0.0
28,2020-12-08,0.0,0.0,0.0,0.0,0.0,0.0,2.0,4.0,0.0,1.0,2.0,1.0,2.0,0.0,0.0,0.0,1.0,0.0,0.0,0.0,0.0,0.0,0.0
29,2020-12-09,0.0,0.0,0.0,0.0,0.0,0.0,2.0,4.0,0.0,1.0,2.0,1.0,2.0,0.0,0.0,0.0,1.0,0.0,0.0,0.0,0.0,0.0,0.0
30,2020-12-10,0.0,0.0,0.0,0.0,0.0,0.0,2.0,4.0,0.0,1.0,2.0,1.0,2.0,0.0,0.0,0.0,1.0,0.0,0.0,0.0,0.0,0.0,0.0
31,2020-12-11,0.0,0.0,0.0,0.0,0.0,0.0,2.0,4.0,0.0,1.0,2.0,1.0,2.0,0.0,0.0,0.0,1.0,0.0,0.0,0.0,0.0,0.0,0.0
32,2020-12-12,0.0,0.0,0.0,0.0,0.0,0.0,2.0,4.0,0.0,1.0,2.0,1.0,2.0,0.0,0.0,0.0,1.0,0.0,0.0,0.0,0.0,0.0,0.0
33,2020-12-13,0.0,0.0,0.0,0.0,0.0,0.0,2.0,4.0,0.0,1.0,2.0,1.0,2.0,0.0,0.0,0.0,1.0,0.0,0.0,0.0,0.0,0.0,0.0
34,2020-12-14,0.0,0.0,0.0,0.0,0.0,0.0,2.0,4.0,0.0,1.0,2.0,1.0,2.0,0.0,0.0,0.0,1.0,0.0,0.0,0.0,0.0,0.0,0.0
35,2020-12-15,0.0,0.0,0.0,0.0,0.0,0.0,2.0,4.0,0.0,1.0,2.0,1.0,2.0,0.0,0.0,0.0,1.0,0.0,0.0,0.0,0.0,0.0,0.0
36,2020-12-16,0.0,0.0,0.0,0.0,0.0,0.0,2.0,4.0,0.0,1.0,2.0,1.0,2.0,0.0,0.0,0.0,1.0,0.0,0.0,0.0,0.0,0.0,0.0
37,2020-12-17,0.0,0.0,0.0,0.0,0.0,0.0,2.0,4.0,0.0,1.0,2.0,1.0,2.0,0.0,0.0,0.0,1.0,0.0,0.0,0.0,0.0,0.0,0.0
38,2020-12-18,0.0,0.0,0.0,0.0,0.0,0.0,2.0,4.0,0.0,1.0,2.0,1.0,2.0,0.0,0.0,0.0,1.0,0.0,0.0,0.0,0.0,0.0,0.0
39,2020-12-19,0.0,0.0,0.0,0.0,0.0,0.0,2.0,4.0,0.0,1.0,2.0,1.0,2.0,0.0,0.0,0.0,1.0,0.0,0.0,0.0,0.0,0.0,0.0
40,2020-12-20,0.0,0.0,0.0,0.0,0.0,0.0,2.0,4.0,0.0,1.0,2.0,1.0,2.0,0.0,0.0,0.0,1.0,0.0,0.0,0.0,0.0,0.0,0.0
41,2020-12-21,0.0,0.0,0.0,0.0,0.0,0.0,2.0,4.0,0.0,1.0,2.0,1.0,2.0,0.0,0.0,0.0,1.0,0.0,0.0,0.0,0.0,0.0,0.0
42,2020-12-22,0.0,0.0,0.0,0.0,0.0,0.0,2.0,4.0,0.0,1.0,2.0,1.0,2.0,0.0,0.0,0.0,1.0,0.0,0.0,0.0,0.0,0.0,0.0
43,2020-12-23,0.0,0.0,0.0,0.0,0.0,0.0,2.0,4.0,0.0,1.0,2.0,1.0,2.0,0.0,0.0,0.0,1.0,0.0,0.0,0.0,0.0,0.0,0.0
44,2020-12-24,0.0,0.0,0.0,0.0,0.0,0.0,2.0,4.0,0.0,1.0,2.0,1.0,2.0,0.0,0.0,0.0,1.0,0.0,0.0,0.0,0.0,0.0,0.0
45,2020-12-25,0.0,0.0,0.0,0.0,0.0,0.0,2.0,4.0,0.0,1.0,2.0,1.0,2.0,0.0,0.0,0.0,1.0,0.0,0.0,0.0,0.0,0.0,0.0
46,2020-12-26,0.0,0.0,0.0,0.0,0.0,0.0,2.0,4.0,0.0,1.0,2.0,1.0,2.0,0.0,0.0,0.0,1.0,0.0,0.0,0.0,0.0,0.0,0.0
47,2020-12-27,0.0,0.0,0.0,0.0,0.0,0.0,2.0,4.0,0.0,1.0,2.0,1.0,2.0,0.0,0.0,0.0,1.0,0.0,0.0,0.0,0.0,0.0,0.0
48,2020-12-28,0.0,0.0,0.0,0.0,0.0,0.0,2.0,4.0,0.0,1.0,2.0,1.0,2.0,0.0,0.0,0.0,1.0,0.0,0.0,0.0,0.0,0.0,0.0
49,2020-12-29,0.0,0.0,0.0,0.0,0.0,0.0,2.0,4.0,0.0,1.0,2.0,1.0,2.0,0.0,0.0,0.0,1.0,0.0,0.0,0.0,0.0,0.0,0.0
50,2020-12-30,0.0,0.0,0.0,0.0,0.0,0.0,0.0,4.0,0.0,1.0,2.0,1.0,2.0,0.0,0.0,0.0,1.0,0.0,0.0,0.0,0.0,0.0,0.0
51,2020-12-31,0.0,0.0,0.0,0.0,0.0,0.0,0.0,4.0,0.0,1.0,2.0,1.0,2.0,0.0,0.0,0.0,1.0,0.0,0.0,0.0,0.0,0.0,0.0
52,2021-01-01,0.0,0.0,0.0,0.0,0.0,0.0,0.0,4.0,0.0,1.0,2.0,1.0,2.0,0.0,0.0,0.0,1.0,0.0,0.0,0.0,0.0,0.0,0.0
53,2021-01-02,0.0,0.0,0.0,0.0,0.0,0.0,0.0,4.0,0.0,1.0,2.0,1.0,2.0,0.0,0.0,0.0,1.0,0.0,0.0,0.0,0.0,0.0,0.0
54,2021-01-03,0.0,0.0,0.0,0.0,0.0,0.0,0.0,4.0,0.0,1.0,2.0,1.0,2.0,0.0,0.0,0.0,1.0,0.0,0.0,0.0,0.0,0.0,0.0
55,2021-01-04,0.0,0.0,0.0,0.0,0.0,0.0,0.0,4.0,0.0,1.0,2.0,1.0,2.0,0.0,0.0,0.0,1.0,0.0,0.0,0.0,0.0,0.0,0.0
56,2021-01-05,0.0,0.0,0.0,0.0,0.0,0.0,0.0,4.0,0.0,1.0,2.0,1.0,2.0,0.0,0.0,0.0,1.0,0.0,0.0,0.0,0.0,0.0,0.0
57,2021-01-06,0.0,0.0,0.0,0.0,0.0,0.0,0.0,4.0,0.0,1.0,2.0,1.0,2.0,0.0,0.0,0.0,1.0,0.0,0.0,0.0,0.0,0.0,0.0
58,2021-01-07,0.0,0.0,0.0,0.0,0.0,0.0,0.0,4.0,0.0,1.0,2.0,1.0,2.0,0.0,0.0,0.0,1.0,0.0,0.0,0.0,0.0,0.0,0.0
59,2021-01-08,0.0,0.0,0.0,0.0,0.0,0.0,0.0,4.0,0.0,1.0,2.0,1.0,2.0,0.0,0.0,0.0,1.0,0.0,0.0,0.0,0.0,0.0,0.0
60,2021-01-09,0.0,0.0,0.0,0.0,0.0,0.0,0.0,4.0,0.0,1.0,2.0,1.0,2.0,0.0,0.0,0.0,1.0,0.0,0.0,0.0,0.0,0.0,0.0
61,2021-01-10,0.0,0.0,0.0,0.0,0.0,0.0,0.0,4.0,0.0,1.0,2.0,1.0,2.0,0.0,0.0,0.0,1.0,0.0,0.0,0.0,0.0,0.0,0.0
62,2021-01-11,0.0,0.0,0.0,0.0,0.0,0.0,0.0,4.0,0.0,1.0,2.0,1.0,2.0,0.0,0.0,0.0,1.0,0.0,0.0,0.0,0.0,0.0,0.0
63,2021-01-12,0.0,0.0,0.0,0.0,0.0,0.0,0.0,4.0,0.0,1.0,2.0,1.0,2.0,0.0,0.0,0.0,1.0,0.0,0.0,0.0,0.0,0.0,0.0
64,2021-01-13,0.0,0.0,0.0,0.0,0.0,0.0,0.0,4.0,0.0,1.0,2.0,1.0,2.0,0.0,0.0,0.0,1.0,0.0,0.0,0.0,0.0,0.0,0.0
65,2021-01-14,0.0,0.0,0.0,0.0,0.0,0.0,0.0,4.0,0.0,1.0,2.0,1.0,2.0,0.0,0.0,0.0,1.0,0.0,0.0,0.0,0.0,0.0,0.0
66,2021-01-15,0.0,0.0,0.0,0.0,0.0,0.0,0.0,4.0,0.0,1.0,2.0,1.0,2.0,0.0,0.0,0.0,1.0,0.0,0.0,0.0,0.0,0.0,0.0
67,2021-01-16,0.0,0.0,0.0,0.0,0.0,0.0,0.0,4.0,0.0,1.0,2.0,1.0,2.0,0.0,0.0,0.0,1.0,0.0,0.0,0.0,0.0,0.0,0.0
68,2021-01-17,0.0,0.0,0.0,0.0,0.0,0.0,0.0,4.0,0.0,1.0,2.0,1.0,2.0,0.0,0.0,0.0,1.0,0.0,0.0,0.0,0.0,0.0,0.0
69,2021-01-18,0.0,0.0,0.0,0.0,0.0,0.0,0.0,4.0,0.0,1.0,2.0,1.0,2.0,0.0,0.0,0.0,1.0,0.0,0.0,0.0,0.0,0.0,0.0
70,2021-01-19,0.0,0.0,0.0,0.0,0.0,0.0,0.0,4.0,0.0,1.0,2.0,1.0,2.0,0.0,0.0,0.0,1.0,0.0,0.0,0.0,0.0,0.0,0.0
71,2021-01-20,0.0,0.0,0.0,0.0,0.0,0.0,0.0,4.0,0.0,1.0,2.0,1.0,2.0,0.0,0.0,0.0,1.0,0.0,0.0,0.0,0.0,0.0,0.0
72,2021-01-21,0.0,0.0,0.0,0.0,0.0,0.0,0.0,4.0,0.0,1.0,2.0,1.0,2.0,0.0,0.0,0.0,1.0,0.0,0.0,0.0,0.0,0.0,0.0
73,2021-01-22,0.0,0.0,0.0,0.0,0.0,0.0,0.0,4.0,0.0,1.0,2.0,1.0,2.0,0.0,0.0,0.0,1.0,0.0,0.0,0.0,0.0,0.0,0.0
74,2021-01-23,0.0,0.0,0.0,0.0,0.0,0.0,0.0,4.0,0.0,1.0,2.0,1.0,2.0,0.0,0.0,0.0,1.0,0.0,0.0,0.0,0.0,0.0,0.0
75,2021-01-24,0.0,0.0,0.0,0.0,0.0,0.0,0.0,4.0,0.0,1.0,2.0,1.0,2.0,0.0,0.0,0.0,1.0,0.0,0.0,0.0,0.0,0.0,0.0
76,2021-01-25,0.0,0.0,0.0,0.0,0.0,0.0,0.0,4.0,0.0,1.0,2.0,1.0,2.0,0.0,0.0,0.0,1.0,0.0,0.0,0.0,0.0,0.0,0.0
77,2021-01-26,0.0,0.0,0.0,0.0,0.0,0.0,0.0,4.0,0.0,1.0,2.0,1.0,2.0,0.0,0.0,0.0,1.0,0.0,0.0,0.0,0.0,0.0,0.0
78,2021-01-27,0.0,0.0,0.0,0.0,0.0,0.0,0.0,4.0,0.0,1.0,2.0,1.0,2.0,0.0,0.0,0.0,1.0,0.0,0.0,0.0,0.0,0.0,0.0
79,2021-01-28,0.0,0.0,0.0,0.0,0.0,0.0,0.0,4.0,0.0,1.0,2.0,1.0,2.0,0.0,0.0,0.0,1.0,0.0,0.0,0.0,0.0,0.0,0.0
80,2021-01-29,0.0,0.0,0.0,0.0,0.0,0.0,0.0,4.0,0.0,1.0,2.0,1.0,2.0,0.0,0.0,0.0,1.0,0.0,0.0,0.0,0.0,0.0,0.0
81,2021-01-30,0.0,0.0,0.0,0.0,0.0,0.0,0.0,4.0,0.0,1.0,2.0,1.0,2.0,0.0,0.0,0.0,1.0,0.0,0.0,0.0,0.0,0.0,0.0
82,2021-01-31,0.0,0.0,0.0,0.0,0.0,0.0,0.0,4.0,0.0,0.0,2.0,1.0,2.0,0.0,0.0,0.0,1.0,0.0,0.0,0.0,0.0,0.0,0.0
83,2021-02-01,0.0,0.0,0.0,0.0,0.0,0.0,0.0,4.0,0.0,0.0,2.0,1.0,2.0,0.0,0.0,0.0,1.0,0.0,0.0,0.0,0.0,0.0,0.0
84,2021-02-02,0.0,0.0,0.0,0.0,0.0,0.0,0.0,4.0,0.0,0.0,2.0,1.0,2.0,0.0,0.0,0.0,1.0,0.0,0.0,0.0,0.0,0.0,0.0
85,2021-02-03,0.0,0.0,0.0,0.0,0.0,0.0,0.0,4.0,0.0,0.0,2.0,1.0,2.0,0.0,0.0,0.0,1.0,0.0,0.0,0.0,0.0,0.0,0.0
86,2021-02-04,0.0,0.0,0.0,0.0,0.0,0.0,0.0,4.0,0.0,0.0,2.0,1.0,2.0,0.0,0.0,0.0,1.0,0.0,0.0,0.0,0.0,0.0,0.0
87,2021-02-05,0.0,0.0,0.0,0.0,0.0,0.0,0.0,4.0,0.0,0.0,2.0,1.0,2.0,0.0,0.0,0.0,1.0,0.0,0.0,0.0,0.0,0.0,0.0
88,2021-02-06,0.0,0.0,0.0,0.0,0.0,0.0,0.0,4.0,0.0,0.0,2.0,1.0,2.0,0.0,0.0,0.0,1.0,0.0,0.0,0.0,0.0,0.0,0.0
89,2021-02-07,0.0,0.0,0.0,0.0,0.0,0.0,0.0,4.0,0.0,0.0,2.0,1.0,2.0,0.0,0.0,0.0,1.0,0.0,0.0,0.0,0.0,0.0,0.0
90,2021-02-08,0.0,0.0,0.0,0.0,0.0,0.0,0.0,4.0,0.0,0.0,2.0,1.0,2.0,0.0,0.0,0.0,1.0,0.0,0.0,0.0,0.0,0.0,0.0
91,2021-02-09,0.0,0.0,0.0,0.0,0.0,0.0,0.0,4.0,0.0,0.0,2.0,1.0,2.0,0.0,0.0,0.0,1.0,0.0,0.0,0.0,0.0,0.0,0.0
92,2021-02-10,0.0,0.0,0.0,0.0,0.0,0.0,0.0,4.0,0.0,0.0,2.0,1.0,2.0,0.0,0.0,0.0,1.0,0.0,0.0,0.0,0.0,0.0,0.0
93,2021-02-11,0.0,0.0,0.0,0.0,0.0,0.0,0.0,4.0,0.0,0.0,2.0,1.0,2.0,0.0,0.0,0.0,1.0,0.0,0.0,0.0,0.0,0.0,0.0
94,2021-02-12,0.0,0.0,0.0,0.0,0.0,0.0,0.0,4.0,0.0,0.0,2.0,1.0,2.0,0.0,0.0,0.0,1.0,0.0,0.0,0.0,0.0,0.0,0.0
95,2021-02-13,0.0,0.0,0.0,0.0,0.0,0.0,0.0,4.0,0.0,0.0,2.0,1.0,2.0,0.0,0.0,0.0,1.0,0.0,0.0,0.0,0.0,0.0,0.0
96,2021-02-14,0.0,0.0,0.0,0.0,0.0,0.0,0.0,4.0,0.0,0.0,2.0,1.0,2.0,0.0,0.0,0.0,1.0,0.0,0.0,0.0,0.0,0.0,0.0
97,2021-02-15,0.0,0.0,0.0,0.0,0.0,0.0,0.0,4.0,0.0,0.0,2.0,1.0,2.0,0.0,0.0,0.0,1.0,0.0,0.0,0.0,0.0,0.0,0.0
98,2021-02-16,0.0,0.0,0.0,0.0,0.0,0.0,0.0,4.0,0.0,0.0,2.0,1.0,2.0,0.0,0.0,0.0,1.0,0.0,0.0,0.0,0.0,0.0,0.0
99,2021-02-17,0.0,0.0,0.0,0.0,0.0,0.0,0.0,4.0,0.0,0.0,2.0,1.0,2.0,0.0,0.0,0.0,1.0,0.0,0.0,0.0,0.0,0.0,0.0
100,2021-02-18,0.0,0.0,0.0,0.0,0.0,0.0,0.0,4.0,0.0,0.0,2.0,1.0,2.0,0.0,0.0,0.0,1.0,0.0,0.0,0.0,0.0,0.0,0.0
101,2021-02-19,0.0,0.0,0.0,0.0,0.0,0.0,0.0,4.0,0.0,0.0,2.0,1.0,2.0,0.0,0.0,0.0,1.0,0.0,0.0,0.0,0.0,0.0,0.0
102,2021-02-20,0.0,0.0,0.0,0.0,0.0,0.0,0.0,4.0,0.0,0.0,2.0,1.0,2.0,0.0,0.0,0.0,1.0,0.0,0.0,0.0,0.0,0.0,0.0
103,2021-02-21,0.0,0.0,0.0,0.0,0.0,0.0,0.0,4.0,0.0,0.0,2.0,1.0,2.0,0.0,0.0,0.0,1.0,0.0,0.0,0.0,0.0,0.0,0.0
104,2021-02-22,0.0,0.0,0.0,0.0,0.0,0.0,0.0,4.0,0.0,0.0,2.0,1.0,2.0,0.0,0.0,0.0,1.0,0.0,0.0,0.0,0.0,0.0,0.0
105,2021-02-23,0.0,0.0,0.0,0.0,0.0,0.0,0.0,4.0,0.0,0.0,2.0,1.0,2.0,0.0,0.0,0.0,1.0,0.0,0.0,0.0,0.0,0.0,0.0
106,2021-02-24,0.0,0.0,0.0,0.0,0.0,0.0,0.0,4.0,0.0,0.0,2.0,1.0,2.0,0.0,0.0,0.0,1.0,0.0,0.0,0.0,0.0,0.0,0.0
107,2021-02-25,0.0,0.0,0.0,0.0,0.0,0.0,0.0,4.0,0.0,0.0,2.0,1.0,2.0,0.0,0.0,0.0,1.0,0.0,0.0,0.0,0.0,0.0,0.0
108,2021-02-26,0.0,0.0,0.0,0.0,0.0,0.0,0.0,4.0,0.0,0.0,2.0,1.0,2.0,0.0,0.0,0.0,1.0,0.0,0.0,0.0,0.0,0.0,0.0
109,2021-02-27,0.0,0.0,0.0,0.0,0.0,0.0,0.0,4.0,0.0,0.0,2.0,1.0,2.0,0.0,0.0,0.0,1.0,0.0,0.0,0.0,0.0,0.0,0.0
110,2021-02-28,0.0,0.0,0.0,0.0,0.0,0.0,0.0,4.0,0.0,0.0,2.0,1.0,2.0,0.0,0.0,0.0,1.0,0.0,0.0,0.0,0.0,0.0,0.0
111,2021-03-01,0.0,0.0,0.0,0.0,0.0,0.0,0.0,4.0,0.0,0.0,2.0,1.0,2.0,0.0,0.0,0.0,1.0,0.0,0.0,0.0,0.0,0.0,0.0
112,2021-03-02,0.0,0.0,0.0,0.0,0.0,0.0,0.0,4.0,0.0,0.0,2.0,1.0,2.0,0.0,0.0,0.0,1.0,0.0,0.0,0.0,0.0,0.0,0.0
113,2021-03-03,0.0,0.0,0.0,0.0,0.0,0.0,0.0,4.0,0.0,0.0,2.0,1.0,2.0,0.0,0.0,0.0,1.0,0.0,0.0,0.0,0.0,0.0,0.0
114,2021-03-04,0.0,0.0,0.0,0.0,0.0,0.0,0.0,4.0,0.0,0.0,2.0,1.0,2.0,0.0,0.0,0.0,1.0,0.0,0.0,0.0,0.0,0.0,0.0
115,2021-03-05,0.0,0.0,0.0,0.0,0.0,0.0,0.0,4.0,0.0,0.0,2.0,1.0,2.0,0.0,0.0,0.0,1.0,0.0,0.0,0.0,0.0,0.0,0.0
116,2021-03-06,0.0,0.0,0.0,0.0,0.0,0.0,0.0,4.0,0.0,0.0,2.0,1.0,2.0,0.0,0.0,0.0,1.0,0.0,0.0,0.0,0.0,0.0,0.0
117,2021-03-07,0.0,0.0,0.0,0.0,0.0,0.0,0.0,4.0,0.0,0.0,2.0,1.0,2.0,0.0,0.0,0.0,1.0,0.0,0.0,0.0,0.0,0.0,0.0
118,2021-03-08,0.0,0.0,0.0,0.0,0.0,0.0,0.0,4.0,0.0,0.0,2.0,1.0,2.0,0.0,0.0,0.0,3.0,2.0,0.0,0.0,0.0,0.0,0.0
119,2021-03-09,0.0,0.0,0.0,0.0,0.0,0.0,0.0,4.0,0.0,0.0,2.0,1.0,2.0,0.0,0.0,0.0,3.0,0.0,0.0,0.0,0.0,0.0,0.0
120,2021-03-10,0.0,0.0,0.0,0.0,0.0,0.0,0.0,4.0,0.0,0.0,2.0,1.0,2.0,0.0,0.0,0.0,3.0,0.0,0.0,0.0,0.0,0.0,0.0
121,2021-03-11,0.0,0.0,0.0,0.0,0.0,0.0,0.0,4.0,0.0,0.0,2.0,1.0,2.0,0.0,0.0,0.0,3.0,0.0,0.0,0.0,0.0,0.0,0.0
122,2021-03-12,0.0,0.0,0.0,0.0,0.0,0.0,0.0,4.0,0.0,0.0,2.0,1.0,2.0,0.0,0.0,0.0,3.0,0.0,0.0,0.0,0.0,0.0,0.0
123,2021-03-13,0.0,0.0,0.0,0.0,0.0,0.0,0.0,4.0,0.0,0.0,2.0,1.0,2.0,0.0,0.0,0.0,3.0,0.0,0.0,0.0,0.0,0.0,0.0
124,2021-03-14,0.0,0.0,0.0,0.0,0.0,0.0,0.0,4.0,0.0,0.0,2.0,1.0,2.0,0.0,0.0,0.0,3.0,0.0,0.0,0.0,0.0,0.0,0.0
125,2021-03-15,0.0,0.0,0.0,0.0,0.0,0.0,0.0,4.0,0.0,0.0,2.0,1.0,2.0,0.0,0.0,0.0,3.0,0.0,0.0,0.0,0.0,0.0,0.0
126,2021-03-16,0.0,0.0,0.0,0.0,0.0,0.0,0.0,4.0,0.0,0.0,2.0,1.0,2.0,0.0,0.0,0.0,3.0,0.0,0.0,0.0,0.0,0.0,0.0
127,2021-03-17,0.0,0.0,0.0,0.0,0.0,0.0,0.0,4.0,0.0,0.0,2.0,1.0,2.0,0.0,0.0,0.0,3.0,0.0,0.0,0.0,0.0,0.0,0.0
128,2021-03-18,0.0,0.0,0.0,0.0,0.0,0.0,0.0,4.0,0.0,0.0,2.0,1.0,2.0,0.0,0.0,0.0,3.0,0.0,0.0,0.0,0.0,0.0,0.0
129,2021-03-19,0.0,0.0,0.0,0.0,0.0,0.0,0.0,4.0,0.0,0.0,2.0,1.0,2.0,0.0,0.0,0.0,3.0,0.0,0.0,0.0,0.0,0.0,0.0
130,2021-03-20,0.0,0.0,0.0,0.0,0.0,0.0,0.0,4.0,0.0,0.0,2.0,1.0,2.0,0.0,0.0,0.0,3.0,0.0,0.0,0.0,0.0,0.0,0.0
131,2021-03-21,0.0,0.0,0.0,0.0,0.0,0.0,0.0,4.0,0.0,0.0,2.0,1.0,2.0,0.0,0.0,0.0,3.0,0.0,0.0,0.0,0.0,0.0,0.0
132,2021-03-22,0.0,0.0,0.0,0.0,0.0,0.0,0.0,4.0,0.0,0.0,2.0,1.0,2.0,0.0,0.0,0.0,3.0,0.0,0.0,0.0,0.0,0.0,0.0
133,2021-03-23,0.0,0.0,0.0,0.0,0.0,0.0,0.0,4.0,0.0,0.0,2.0,1.0,2.0,0.0,0.0,0.0,3.0,0.0,0.0,0.0,0.0,0.0,0.0
134,2021-03-24,0.0,0.0,0.0,0.0,0.0,0.0,0.0,4.0,0.0,0.0,2.0,1.0,2.0,0.0,0.0,0.0,3.0,0.0,0.0,0.0,0.0,0.0,0.0
135,2021-03-25,0.0,0.0,0.0,0.0,0.0,0.0,0.0,4.0,0.0,0.0,2.0,1.0,2.0,0.0,0.0,0.0,3.0,0.0,0.0,0.0,0.0,0.0,0.0
136,2021-03-26,0.0,0.0,0.0,0.0,0.0,0.0,0.0,4.0,0.0,0.0,2.0,1.0,2.0,0.0,0.0,0.0,3.0,0.0,0.0,0.0,0.0,0.0,0.0
137,2021-03-27,0.0,0.0,0.0,0.0,0.0,0.0,0.0,4.0,0.0,0.0,2.0,1.0,2.0,0.0,0.0,0.0,3.0,0.0,0.0,0.0,0.0,0.0,0.0
138,2021-03-28,0.0,0.0,0.0,0.0,0.0,0.0,0.0,4.0,0.0,0.0,2.0,1.0,2.0,0.0,0.0,0.0,3.0,0.0,0.0,0.0,0.0,0.0,0.0
139,2021-03-29,0.0,0.0,0.0,0.0,0.0,0.0,0.0,4.0,0.0,0.0,2.0,1.0,2.0,0.0,0.0,0.0,3.0,0.0,0.0,0.0,0.0,0.0,0.0
140,2021-03-30,0.0,0.0,0.0,0.0,0.0,0.0,0.0,4.0,0.0,0.0,2.0,1.0,2.0,0.0,0.0,0.0,3.0,0.0,0.0,0.0,0.0,0.0,0.0
141,2021-03-31,0.0,0.0,0.0,0.0,0.0,0.0,0.0,4.0,0.0,0.0,2.0,1.0,2.0,0.0,0.0,0.0,3.0,0.0,0.0,0.0,0.0,0.0,0.0
142,2021-04-01,0.0,0.0,0.0,0.0,0.0,0.0,0.0,4.0,0.0,0.0,2.0,1.0,2.0,0.0,0.0,0.0,3.0,0.0,0.0,0.0,0.0,0.0,0.0
143,2021-04-02,0.0,0.0,0.0,0.0,0.0,0.0,0.0,4.0,0.0,0.0,2.0,1.0,2.0,0.0,0.0,0.0,3.0,0.0,0.0,0.0,0.0,0.0,0.0
144,2021-04-03,0.0,0.0,0.0,0.0,0.0,0.0,0.0,4.0,0.0,0.0,2.0,1.0,2.0,0.0,0.0,0.0,3.0,0.0,0.0,0.0,0.0,0.0,0.0
145,2021-04-04,0.0,0.0,0.0,0.0,0.0,0.0,0.0,4.0,0.0,0.0,2.0,1.0,2.0,0.0,0.0,0.0,3.0,0.0,0.0,0.0,0.0,0.0,0.0
146,2021-04-05,0.0,0.0,0.0,0.0,0.0,0.0,0.0,4.0,0.0,0.0,2.0,1.0,2.0,0.0,0.0,0.0,3.0,0.0,0.0,0.0,0.0,0.0,0.0
147,2021-04-06,0.0,0.0,0.0,0.0,0.0,0.0,0.0,4.0,0.0,0.0,2.0,1.0,2.0,0.0,0.0,0.0,3.0,0.0,0.0,0.0,0.0,0.0,0.0
148,2021-04-07,0.0,0.0,0.0,0.0,0.0,0.0,0.0,4.0,0.0,0.0,2.0,1.0,2.0,0.0,0.0,0.0,3.0,0.0,0.0,0.0,0.0,0.0,0.0
149,2021-04-08,0.0,0.0,0.0,0.0,0.0,0.0,0.0,4.0,0.0,0.0,2.0,1.0,2.0,0.0,0.0,0.0,3.0,0.0,0.0,0.0,0.0,0.0,0.0
150,2021-04-09,0.0,0.0,0.0,0.0,0.0,0.0,0.0,4.0,0.0,0.0,2.0,1.0,2.0,0.0,0.0,0.0,3.0,0.0,0.0,0.0,0.0,0.0,0.0
151,2021-04-10,0.0,0.0,0.0,0.0,0.0,0.0,0.0,4.0,0.0,0.0,2.0,1.0,2.0,0.0,0.0,0.0,3.0,0.0,0.0,0.0,0.0,0.0,0.0
152,2021-04-11,0.0,0.0,0.0,0.0,0.0,0.0,0.0,4.0,0.0,0.0,2.0,1.0,2.0,0.0,0.0,0.0,3.0,0.0,0.0,0.0,0.0,0.0,0.0
153,2021-04-12,0.0,0.0,0.0,0.0,0.0,0.0,0.0,4.0,0.0,0.0,2.0,1.0,2.0,0.0,0.0,0.0,3.0,0.0,0.0,0.0,0.0,0.0,0.0
154,2021-04-13,0.0,0.0,0.0,0.0,0.0,0.0,0.0,4.0,0.0,0.0,2.0,1.0,2.0,0.0,0.0,0.0,3.0,0.0,0.0,0.0,0.0,0.0,0.0
155,2021-04-14,0.0,0.0,0.0,0.0,0.0,0.0,0.0,4.0,0.0,0.0,2.0,1.0,2.0,0.0,0.0,0.0,3.0,0.0,0.0,0.0,0.0,0.0,0.0
156,2021-04-15,0.0,0.0,0.0,0.0,0.0,0.0,0.0,4.0,0.0,0.0,2.0,1.0,2.0,0.0,0.0,0.0,3.0,0.0,0.0,0.0,0.0,0.0,0.0
157,2021-04-16,0.0,0.0,0.0,0.0,0.0,0.0,0.0,4.0,0.0,0.0,2.0,1.0,2.0,0.0,0.0,0.0,3.0,0.0,0.0,0.0,0.0,0.0,0.0
158,2021-04-17,0.0,0.0,0.0,0.0,0.0,0.0,0.0,4.0,0.0,0.0,2.0,1.0,2.0,0.0,0.0,0.0,3.0,0.0,0.0,0.0,0.0,0.0,0.0
159,2021-04-18,0.0,0.0,0.0,0.0,0.0,0.0,0.0,4.0,0.0,0.0,2.0,1.0,2.0,0.0,0.0,0.0,3.0,0.0,0.0,0.0,0.0,0.0,0.0
160,2021-04-19,0.0,0.0,0.0,0.0,0.0,0.0,0.0,4.0,0.0,0.0,2.0,1.0,2.0,0.0,0.0,0.0,3.0,0.0,0.0,0.0,0.0,0.0,0.0
161,2021-04-20,0.0,0.0,0.0,0.0,0.0,0.0,0.0,4.0,0.0,0.0,2.0,1.0,2.0,0.0,0.0,0.0,3.0,0.0,0.0,0.0,0.0,0.0,0.0
162,2021-04-21,0.0,0.0,0.0,0.0,0.0,0.0,0.0,4.0,0.0,0.0,2.0,1.0,2.0,0.0,0.0,0.0,4.0,1.0,1.0,1.0,0.0,0.0,0.0
163,2021-04-22,0.0,0.0,0.0,0.0,0.0,0.0,0.0,4.0,0.0,0.0,2.0,1.0,2.0,0.0,0.0,0.0,4.0,0.0,1.0,0.0,0.0,0.0,0.0
164,2021-04-23,0.0,0.0,0.0,0.0,0.0,0.0,0.0,4.0,0.0,0.0,2.0,1.0,2.0,0.0,0.0,0.0,4.0,0.0,1.0,0.0,0.0,0.0,0.0
165,2021-04-24,0.0,0.0,0.0,0.0,0.0,0.0,0.0,4.0,0.0,0.0,2.0,1.0,2.0,0.0,0.0,0.0,4.0,0.0,1.0,0.0,0.0,0.0,0.0
166,2021-04-25,0.0,0.0,0.0,0.0,0.0,0.0,0.0,4.0,0.0,0.0,2.0,1.0,2.0,0.0,0.0,0.0,4.0,0.0,1.0,0.0,0.0,0.0,0.0
167,2021-04-26,0.0,0.0,0.0,0.0,0.0,0.0,0.0,4.0,0.0,0.0,2.0,1.0,2.0,0.0,0.0,0.0,4.0,0.0,1.0,0.0,0.0,0.0,0.0
168,2021-04-27,0.0,0.0,0.0,0.0,0.0,0.0,0.0,4.0,0.0,0.0,2.0,1.0,2.0,0.0,0.0,0.0,4.0,0.0,1.0,0.0,0.0,0.0,0.0
169,2021-04-28,0.0,0.0,0.0,0.0,0.0,0.0,0.0,4.0,0.0,0.0,2.0,1.0,2.0,0.0,0.0,0.0,4.0,0.0,1.0,0.0,0.0,0.0,0.0
170,2021-04-29,0.0,0.0,0.0,0.0,0.0,0.0,0.0,4.0,0.0,0.0,2.0,1.0,2.0,0.0,0.0,0.0,4.0,0.0,1.0,0.0,0.0,0.0,0.0
171,2021-04-30,0.0,0.0,0.0,0.0,0.0,0.0,0.0,4.0,0.0,0.0,2.0,1.0,2.0,0.0,0.0,0.0,4.0,0.0,1.0,0.0,0.0,0.0,0.0
172,2021-05-01,0.0,0.0,0.0,0.0,0.0,0.0,0.0,4.0,0.0,0.0,2.0,1.0,2.0,0.0,0.0,0.0,4.0,0.0,1.0,0.0,0.0,0.0,0.0
173,2021-05-02,0.0,0.0,0.0,0.0,0.0,0.0,0.0,4.0,0.0,0.0,2.0,1.0,2.0,0.0,0.0,0.0,4.0,0.0,1.0,0.0,0.0,0.0,0.0
174,2021-05-03,0.0,0.0,0.0,0.0,0.0,0.0,0.0,4.0,0.0,0.0,2.0,1.0,2.0,0.0,0.0,0.0,4.0,0.0,1.0,0.0,0.0,0.0,0.0
175,2021-05-04,0.0,0.0,0.0,0.0,0.0,0.0,0.0,4.0,0.0,0.0,2.0,1.0,2.0,0.0,0.0,0.0,4.0,0.0,1.0,0.0,0.0,0.0,0.0
176,2021-05-05,0.0,0.0,0.0,0.0,0.0,0.0,0.0,4.0,0.0,0.0,2.0,1.0,2.0,0.0,0.0,0.0,4.0,0.0,1.0,0.0,0.0,0.0,0.0
177,2021-05-06,0.0,0.0,0.0,0.0,0.0,0.0,0.0,4.0,0.0,0.0,2.0,1.0,2.0,0.0,0.0,0.0,4.0,0.0,1.0,0.0,0.0,0.0,0.0
178,2021-05-07,0.0,0.0,0.0,0.0,0.0,0.0,0.0,4.0,0.0,0.0,2.0,1.0,2.0,0.0,0.0,0.0,4.0,0.0,1.0,0.0,0.0,0.0,0.0
179,2021-05-08,0.0,0.0,0.0,0.0,0.0,0.0,0.0,4.0,0.0,0.0,2.0,1.0,2.0,0.0,0.0,0.0,4.0,0.0,1.0,0.0,0.0,0.0,0.0
180,2021-05-09,0.0,0.0,0.0,0.0,0.0,0.0,0.0,4.0,0.0,0.0,2.0,1.0,2.0,0.0,0.0,0.0,4.0,0.0,1.0,0.0,0.0,0.0,0.0
181,2021-05-10,0.0,0.0,0.0,0.0,0.0,0.0,0.0,4.0,0.0,0.0,2.0,1.0,2.0,0.0,0.0,0.0,4.0,0.0,1.0,0.0,0.0,0.0,0.0
182,2021-05-11,0.0,0.0,0.0,0.0,0.0,0.0,0.0,4.0,0.0,0.0,2.0,1.0,2.0,0.0,0.0,0.0,4.0,0.0,1.0,0.0,0.0,0.0,0.0
183,2021-05-12,0.0,0.0,0.0,0.0,0.0,0.0,0.0,4.0,0.0,0.0,2.0,1.0,2.0,0.0,0.0,0.0,4.0,0.0,1.0,0.0,0.0,0.0,0.0
184,2021-05-13,0.0,0.0,0.0,0.0,0.0,0.0,0.0,4.0,0.0,0.0,2.0,1.0,2.0,0.0,0.0,0.0,4.0,0.0,1.0,0.0,0.0,0.0,0.0
185,2021-05-14,0.0,0.0,0.0,0.0,0.0,0.0,0.0,4.0,0.0,0.0,2.0,1.0,2.0,0.0,0.0,0.0,4.0,0.0,1.0,0.0,0.0,0.0,0.0
186,2021-05-15,0.0,0.0,0.0,0.0,0.0,0.0,0.0,4.0,0.0,0.0,2.0,1.0,2.0,0.0,0.0,0.0,4.0,0.0,1.0,0.0,0.0,0.0,0.0
187,2021-05-16,0.0,0.0,0.0,0.0,0.0,0.0,0.0,4.0,0.0,0.0,2.0,1.0,2.0,0.0,0.0,0.0,4.0,0.0,1.0,0.0,0.0,0.0,0.0
188,2021-05-17,0.0,0.0,0.0,0.0,0.0,0.0,0.0,4.0,0.0,0.0,2.0,1.0,2.0,0.0,0.0,0.0,4.0,0.0,1.0,0.0,0.0,0.0,0.0
189,2021-05-18,0.0,0.0,0.0,0.0,0.0,0.0,0.0,4.0,0.0,0.0,2.0,1.0,2.0,0.0,0.0,0.0,4.0,0.0,1.0,0.0,0.0,0.0,0.0
190,2021-05-19,0.0,0.0,0.0,0.0,0.0,0.0,0.0,4.0,0.0,0.0,2.0,1.0,2.0,0.0,0.0,0.0,4.0,0.0,1.0,0.0,0.0,0.0,0.0
191,2021-05-20,0.0,0.0,0.0,0.0,0.0,0.0,0.0,4.0,0.0,0.0,2.0,1.0,2.0,0.0,0.0,0.0,4.0,0.0,1.0,0.0,0.0,0.0,0.0
192,2021-05-21,0.0,0.0,0.0,0.0,0.0,0.0,0.0,4.0,0.0,0.0,2.0,1.0,2.0,0.0,0.0,0.0,4.0,0.0,1.0,0.0,0.0,0.0,0.0
193,2021-05-22,0.0,0.0,0.0,0.0,0.0,0.0,0.0,4.0,0.0,0.0,2.0,1.0,2.0,0.0,0.0,0.0,4.0,0.0,1.0,0.0,0.0,0.0,0.0
194,2021-05-23,0.0,0.0,0.0,0.0,0.0,0.0,0.0,4.0,0.0,0.0,2.0,1.0,2.0,0.0,0.0,0.0,4.0,0.0,1.0,0.0,0.0,0.0,0.0
195,2021-05-24,0.0,0.0,0.0,0.0,0.0,0.0,0.0,4.0,0.0,0.0,2.0,1.0,2.0,0.0,0.0,0.0,4.0,0.0,1.0,0.0,0.0,0.0,0.0
196,2021-05-25,0.0,0.0,0.0,0.0,0.0,0.0,0.0,4.0,0.0,0.0,2.0,1.0,2.0,0.0,0.0,0.0,4.0,0.0,1.0,0.0,0.0,0.0,0.0
197,2021-05-26,0.0,0.0,0.0,0.0,0.0,0.0,0.0,4.0,0.0,0.0,2.0,1.0,2.0,0.0,0.0,0.0,4.0,0.0,1.0,0.0,0.0,0.0,0.0
198,2021-05-27,0.0,0.0,0.0,0.0,0.0,0.0,0.0,4.0,0.0,0.0,2.0,1.0,2.0,0.0,0.0,0.0,4.0,0.0,1.0,0.0,0.0,0.0,0.0
199,2021-05-28,0.0,0.0,0.0,0.0,0.0,0.0,0.0,4.0,0.0,0.0,2.0,1.0,2.0,0.0,0.0,0.0,4.0,0.0,1.0,0.0,0.0,0.0,0.0
200,2021-05-29,0.0,0.0,0.0,0.0,0.0,0.0,0.0,4.0,0.0,0.0,2.0,1.0,2.0,0.0,0.0,0.0,4.0,0.0,1.0,0.0,0.0,0.0,0.0
201,2021-05-30,0.0,0.0,0.0,0.0,0.0,0.0,0.0,4.0,0.0,0.0,2.0,1.0,2.0,0.0,0.0,0.0,4.0,0.0,1.0,0.0,0.0,0.0,0.0
202,2021-05-31,0.0,0.0,0.0,0.0,0.0,0.0,0.0,4.0,0.0,0.0,2.0,1.0,2.0,0.0,0.0,0.0,4.0,0.0,1.0,0.0,0.0,0.0,0.0
203,2021-06-01,0.0,0.0,0.0,0.0,0.0,0.0,0.0,4.0,0.0,0.0,2.0,1.0,2.0,0.0,0.0,0.0,4.0,0.0,1.0,0.0,0.0,0.0,0.0
204,2021-06-02,0.0,0.0,0.0,0.0,0.0,0.0,0.0,4.0,0.0,0.0,2.0,1.0,2.0,0.0,3.0,0.0,4.0,0.0,1.0,0.0,0.0,0.0,0.0
205,2021-06-03,0.0,0.0,0.0,0.0,0.0,0.0,0.0,4.0,0.0,0.0,2.0,1.0,2.0,0.0,3.0,0.0,4.0,0.0,1.0,0.0,0.08,0.0,0.0
206,2021-06-04,0.0,0.0,0.0,0.0,0.0,0.0,0.0,4.0,0.0,0.0,2.0,1.0,2.0,0.0,3.0,0.0,4.0,0.0,1.0,0.0,0.08,0.0,0.0
207,2021-06-05,0.0,0.0,0.0,0.0,0.0,0.0,0.0,4.0,0.0,0.0,2.0,1.0,2.0,0.0,3.0,0.0,4.0,0.0,1.0,0.0,0.08,0.0,0.0
208,2021-06-06,0.0,0.0,0.0,0.0,0.0,0.0,0.0,4.0,0.0,0.0,2.0,1.0,2.0,0.0,3.0,0.0,4.0,0.0,1.0,0.0,0.08,0.0,0.0
209,2021-06-07,0.0,0.0,0.0,0.0,0.0,0.0,0.0,4.0,0.0,0.0,2.0,1.0,2.0,0.0,3.0,0.0,4.0,0.0,1.0,0.0,0.08,0.0,0.0
210,2021-06-08,0.0,0.0,0.0,0.0,0.0,0.0,0.0,4.0,0.0,0.0,2.0,1.0,2.0,0.0,3.0,0.0,4.0,0.0,1.0,0.0,0.27,0.0,0.0
211,2021-06-09,0.0,0.0,0.0,0.0,0.0,0.0,0.0,4.0,0.0,0.0,2.0,1.0,2.0,0.0,3.0,0.0,4.0,0.0,1.0,0.0,0.27,0.0,0.0
212,2021-06-10,0.0,0.0,0.0,0.0,0.0,0.0,0.0,4.0,0.0,0.0,2.0,1.0,2.0,0.0,3.0,0.0,4.0,0.0,1.0,0.0,0.27,0.0,0.0
213,2021-06-11,0.0,0.0,0.0,0.0,0.0,0.0,0.0,4.0,0.0,0.0,2.0,1.0,2.0,0.0,3.0,0.0,4.0,0.0,1.0,0.0,0.27,0.0,0.0
214,2021-06-12,0.0,0.0,0.0,0.0,0.0,0.0,0.0,4.0,0.0,0.0,2.0,1.0,2.0,0.0,3.0,0.0,4.0,0.0,1.0,0.0,0.27,0.0,0.0
215,2021-06-13,0.0,0.0,0.0,0.0,0.0,0.0,0.0,4.0,0.0,0.0,2.0,1.0,2.0,0.0,3.0,0.0,4.0,0.0,1.0,0.0,0.27,0.0,0.0
216,2021-06-14,0.0,0.0,0.0,0.0,0.0,0.0,0.0,4.0,0.0,0.0,2.0,1.0,2.0,0.0,3.0,0.0,4.0,0.0,1.0,0.0,0.27,0.0,0.0
217,2021-06-15,0.0,0.0,0.0,0.0,0.0,0.0,0.0,4.0,0.0,0.0,2.0,1.0,2.0,0.0,3.0,0.0,4.0,0.0,1.0,0.0,1.61,0.0,0.0
218,2021-06-16,0.0,0.0,0.0,0.0,0.0,0.0,0.0,4.0,0.0,0.0,2.0,1.0,2.0,0.0,3.0,0.0,4.0,0.0,1.0,0.0,1.61,0.0,0.0
219,2021-06-17,0.0,0.0,0.0,0.0,0.0,0.0,0.0,4.0,0.0,0.0,2.0,1.0,2.0,0.0,3.0,0.0,4.0,0.0,1.0,0.0,1.61,0.0,0.0
220,2021-06-18,0.0,0.0,0.0,0.0,0.0,0.0,0.0,4.0,0.0,0.0,2.0,1.0,2.0,0.0,3.0,0.0,4.0,0.0,1.0,0.0,1.61,0.0,0.0
221,2021-06-19,0.0,0.0,0.0,0.0,0.0,0.0,0.0,4.0,0.0,0.0,2.0,1.0,2.0,0.0,3.0,0.0,4.0,0.0,1.0,0.0,1.61,0.0,0.0
222,2021-06-20,0.0,0.0,0.0,0.0,0.0,0.0,0.0,4.0,0.0,0.0,2.0,1.0,2.0,0.0,3.0,0.0,4.0,0.0,1.0,0.0,1.61,0.0,0.0
223,2021-06-21,0.0,0.0,0.0,0.0,0.0,0.0,0.0,4.0,0.0,0.0,2.0,1.0,2.0,0.0,3.0,0.0,4.0,0.0,1.0,0.0,2.34,0.0,0.0
224,2021-06-22,0.0,0.0,0.0,0.0,0.0,0.0,0.0,4.0,0.0,0.0,2.0,1.0,2.0,0.0,3.0,0.0,4.0,0.0,1.0,0.0,2.34,0.0,0.0
225,2021-06-23,0.0,0.0,0.0,0.0,0.0,0.0,0.0,4.0,0.0,0.0,2.0,1.0,2.0,0.0,3.0,0.0,4.0,0.0,1.0,0.0,2.34,0.0,0.0
226,2021-06-24,0.0,0.0,0.0,0.0,0.0,0.0,0.0,4.0,0.0,0.0,2.0,1.0,2.0,0.0,3.0,0.0,4.0,0.0,1.0,0.0,2.34,0.0,0.0
227,2021-06-25,0.0,0.0,0.0,0.0,0.0,0.0,0.0,4.0,0.0,0.0,2.0,1.0,2.0,0.0,3.0,0.0,4.0,0.0,1.0,0.0,2.34,0.0,0.0
228,2021-06-26,0.0,0.0,0.0,0.0,0.0,0.0,0.0,4.0,0.0,0.0,2.0,1.0,2.0,0.0,3.0,0.0,4.0,0.0,1.0,0.0,2.34,0.0,0.0
229,2021-06-27,0.0,0.0,0.0,0.0,0.0,0.0,0.0,4.0,0.0,0.0,2.0,1.0,2.0,0.0,3.0,0.0,4.0,0.0,1.0,0.0,2.34,0.0,0.0
230,2021-06-28,0.0,0.0,0.0,0.0,0.0,0.0,0.0,4.0,0.0,0.0,2.0,1.0,2.0,0.0,3.0,0.0,4.0,0.0,1.0,0.0,2.34,0.0,0.0
231,2021-06-29,0.0,0.0,0.0,0.0,0.0,0.0,0.0,4.0,0.0,0.0,2.0,1.0,2.0,0.0,3.0,0.0,4.0,0.0,1.0,0.0,2.34,0.0,0.0
232,2021-06-30,0.0,0.0,0.0,0.0,0.0,0.0,0.0,4.0,0.0,0.0,2.0,1.0,2.0,0.0,3.0,0.0,4.0,0.0,1.0,0.0,2.34,0.0,0.0
233,2021-07-01,0.0,0.0,0.0,0.0,0.0,0.0,0.0,4.0,0.0,0.0,2.0,1.0,2.0,0.0,3.0,0.0,4.0,0.0,1.0,0.0,2.34,0.0,0.0
234,2021-07-02,0.0,0.0,0.0,0.0,0.0,0.0,0.0,4.0,0.0,0.0,2.0,1.0,2.0,0.0,3.0,0.0,4.0,0.0,1.0,0.0,2.34,0.0,0.0
235,2021-07-03,0.0,0.0,0.0,0.0,0.0,0.0,0.0,4.0,0.0,0.0,2.0,1.0,2.0,0.0,3.0,0.0,4.0,0.0,1.0,0.0,2.34,0.0,0.0
236,2021-07-04,0.0,0.0,0.0,0.0,0.0,0.0,0.0,4.0,0.0,0.0,2.0,1.0,2.0,0.0,3.0,0.0,4.0,0.0,1.0,0.0,2.34,0.0,0.0
237,2021-07-05,0.0,0.0,0.0,0.0,0.0,0.0,0.0,4.0,0.0,0.0,2.0,1.0,2.0,0.0,3.0,0.0,4.0,0.0,1.0,0.0,2.34,0.0,0.0
238,2021-07-06,0.0,0.0,0.0,0.0,0.0,0.0,0.0,4.0,0.0,0.0,2.0,1.0,2.0,0.0,3.0,0.0,4.0,0.0,1.0,0.0,3.28,0.0,0.0
239,2021-07-07,0.0,0.0,0.0,0.0,0.0,0.0,0.0,4.0,0.0,0.0,2.0,1.0,2.0,0.0,4.0,0.0,4.0,0.0,1.0,0.0,3.28,0.0,0.0
240,2021-07-08,0.0,0.0,0.0,0.0,0.0,0.0,0.0,4.0,0.0,0.0,2.0,1.0,2.0,0.0,4.0,0.0,4.0,0.0,1.0,0.0,3.28,0.0,0.0
241,2021-07-09,0.0,0.0,0.0,0.0,0.0,0.0,0.0,4.0,0.0,0.0,2.0,1.0,2.0,0.0,4.0,0.0,4.0,0.0,1.0,0.0,3.28,0.0,0.0
242,2021-07-10,0.0,0.0,0.0,0.0,0.0,0.0,0.0,4.0,0.0,0.0,2.0,1.0,2.0,0.0,4.0,0.0,4.0,0.0,1.0,0.0,3.28,0.0,0.0
243,2021-07-11,0.0,0.0,0.0,0.0,0.0,0.0,0.0,4.0,0.0,0.0,2.0,1.0,2.0,0.0,4.0,0.0,4.0,0.0,1.0,0.0,3.28,0.0,0.0
244,2021-07-12,0.0,0.0,0.0,0.0,0.0,0.0,0.0,4.0,0.0,0.0,2.0,1.0,2.0,0.0,4.0,0.0,4.0,0.0,1.0,0.0,3.28,0.0,0.0
245,2021-07-13,0.0,0.0,0.0,0.0,0.0,0.0,0.0,4.0,0.0,0.0,2.0,1.0,2.0,0.0,4.0,0.0,4.0,0.0,1.0,0.0,4.39,0.0,0.0
246,2021-07-14,0.0,0.0,0.0,0.0,0.0,0.0,0.0,4.0,0.0,0.0,2.0,1.0,2.0,0.0,4.0,0.0,4.0,0.0,1.0,0.0,4.39,0.0,0.0
247,2021-07-15,0.0,0.0,0.0,0.0,0.0,0.0,0.0,4.0,0.0,0.0,2.0,1.0,2.0,0.0,4.0,0.0,4.0,0.0,1.0,0.0,4.39,0.0,0.0
248,2021-07-16,0.0,0.0,0.0,0.0,0.0,0.0,0.0,4.0,0.0,0.0,2.0,1.0,2.0,0.0,4.0,0.0,4.0,0.0,1.0,0.0,4.39,0.0,0.0
249,2021-07-17,0.0,0.0,0.0,0.0,0.0,0.0,0.0,4.0,0.0,0.0,2.0,1.0,2.0,0.0,4.0,0.0,4.0,0.0,1.0,0.0,4.39,0.0,0.0
250,2021-07-18,0.0,0.0,0.0,0.0,0.0,0.0,0.0,4.0,0.0,0.0,2.0,1.0,2.0,0.0,4.0,0.0,4.0,0.0,1.0,0.0,4.39,0.0,0.0
251,2021-07-19,0.0,0.0,0.0,0.0,0.0,0.0,0.0,4.0,0.0,0.0,2.0,1.0,2.0,0.0,4.0,0.0,4.0,0.0,1.0,0.0,4.39,0.0,0.0
252,2021-07-20,0.0,0.0,0.0,0.0,0.0,0.0,0.0,4.0,0.0,0.0,2.0,1.0,2.0,0.0,4.0,0.0,4.0,0.0,1.0,0.0,6.06,0.0,0.0
253,2021-07-21,0.0,0.0,0.0,0.0,0.0,0.0,0.0,4.0,0.0,0.0,2.0,1.0,2.0,0.0,4.0,0.0,4.0,0.0,1.0,0.0,6.06,0.0,0.0
254,2021-07-22,0.0,0.0,0.0,0.0,0.0,0.0,0.0,4.0,0.0,0.0,2.0,1.0,2.0,0.0,4.0,0.0,4.0,0.0,1.0,0.0,6.06,0.0,0.0
255,2021-07-23,0.0,0.0,0.0,0.0,0.0,0.0,0.0,4.0,0.0,0.0,2.0,1.0,2.0,0.0,4.0,0.0,4.0,0.0,1.0,0.0,6.06,0.0,0.0
256,2021-07-24,0.0,0.0,0.0,0.0,0.0,0.0,0.0,4.0,0.0,0.0,2.0,1.0,2.0,0.0,4.0,0.0,4.0,0.0,1.0,0.0,6.06,0.0,0.0
257,2021-07-25,0.0,0.0,0.0,0.0,0.0,0.0,0.0,4.0,0.0,0.0,2.0,1.0,2.0,0.0,4.0,0.0,4.0,0.0,1.0,0.0,6.06,0.0,0.0
258,2021-07-26,0.0,0.0,0.0,0.0,0.0,0.0,0.0,4.0,0.0,0.0,2.0,1.0,2.0,0.0,4.0,0.0,4.0,0.0,1.0,0.0,6.06,0.0,0.0
259,2021-07-27,0.0,0.0,0.0,0.0,0.0,0.0,0.0,4.0,0.0,0.0,2.0,1.0,2.0,0.0,4.0,0.0,4.0,0.0,1.0,0.0,7.48,0.04,0.0
260,2021-07-28,0.0,0.0,0.0,0.0,0.0,0.0,0.0,4.0,0.0,0.0,2.0,1.0,2.0,0.0,4.0,0.0,4.0,0.0,1.0,0.0,7.48,0.04,0.0
261,2021-07-29,0.0,0.0,0.0,0.0,0.0,0.0,0.0,4.0,0.0,0.0,2.0,1.0,2.0,0.0,4.0,0.0,4.0,0.0,1.0,0.0,7.48,0.04,0.0
262,2021-07-30,0.0,0.0,0.0,0.0,0.0,0.0,0.0,4.0,0.0,0.0,2.0,1.0,2.0,0.0,4.0,0.0,4.0,0.0,1.0,0.0,7.48,0.04,0.0
263,2021-07-31,0.0,0.0,0.0,0.0,0.0,0.0,0.0,4.0,0.0,0.0,2.0,1.0,2.0,0.0,4.0,0.0,4.0,0.0,1.0,0.0,7.48,0.04,0.0
264,2021-08-01,0.0,0.0,0.0,0.0,0.0,0.0,0.0,4.0,0.0,0.0,2.0,1.0,2.0,0.0,4.0,0.0,4.0,0.0,1.0,0.0,7.48,0.04,0.0
265,2021-08-02,0.0,0.0,0.0,0.0,0.0,0.0,0.0,4.0,0.0,0.0,2.0,1.0,2.0,0.0,4.0,0.0,4.0,0.0,1.0,0.0,7.48,0.04,0.0
266,2021-08-03,0.0,0.0,0.0,0.0,0.0,0.0,0.0,4.0,0.0,0.0,2.0,1.0,2.0,0.0,4.0,0.0,4.0,0.0,1.0,0.0,7.48,0.04,0.0
267,2021-08-04,0.0,0.0,0.0,0.0,0.0,0.0,0.0,4.0,0.0,0.0,2.0,1.0,2.0,0.0,4.0,0.0,4.0,0.0,1.0,0.0,7.48,0.04,0.0
268,2021-08-05,0.0,0.0,0.0,0.0,0.0,0.0,0.0,4.0,0.0,0.0,2.0,1.0,2.0,0.0,4.0,0.0,4.0,0.0,1.0,0.0,7.48,0.04,0.0
269,2021-08-06,0.0,0.0,0.0,0.0,0.0,0.0,0.0,4.0,0.0,0.0,2.0,1.0,2.0,0.0,4.0,0.0,4.0,0.0,1.0,0.0,7.48,0.04,0.0
270,2021-08-07,0.0,0.0,0.0,0.0,0.0,0.0,0.0,4.0,0.0,0.0,2.0,1.0,2.0,0.0,4.0,0.0,4.0,0.0,1.0,0.0,7.48,0.04,0.0
271,2021-08-08,0.0,0.0,0.0,0.0,0.0,0.0,0.0,4.0,0.0,0.0,2.0,1.0,2.0,0.0,4.0,0.0,4.0,0.0,1.0,0.0,7.48,0.04,0.0
272,2021-08-09,0.0,0.0,0.0,0.0,0.0,0.0,0.0,4.0,0.0,0.0,2.0,1.0,2.0,0.0,4.0,0.0,4.0,0.0,1.0,0.0,7.48,0.04,0.0
273,2021-08-10,0.0,0.0,0.0,0.0,0.0,0.0,0.0,4.0,0.0,0.0,2.0,1.0,2.0,0.0,4.0,0.0,4.0,0.0,1.0,0.0,7.48,0.04,0.0
274,2021-08-11,0.0,0.0,0.0,0.0,0.0,0.0,0.0,4.0,0.0,0.0,2.0,1.0,2.0,0.0,4.0,0.0,4.0,0.0,1.0,0.0,7.48,0.04,0.0
275,2021-08-12,0.0,0.0,0.0,0.0,0.0,0.0,0.0,4.0,0.0,0.0,2.0,1.0,2.0,0.0,4.0,0.0,4.0,0.0,1.0,0.0,7.48,0.04,0.0
276,2021-08-13,0.0,0.0,0.0,0.0,0.0,0.0,0.0,4.0,0.0,0.0,2.0,1.0,2.0,0.0,4.0,0.0,4.0,0.0,1.0,0.0,7.48,0.04,0.0
277,2021-08-14,0.0,0.0,0.0,0.0,0.0,0.0,0.0,4.0,0.0,0.0,2.0,1.0,2.0,0.0,4.0,0.0,4.0,0.0,1.0,0.0,7.48,0.04,0.0
278,2021-08-15,0.0,0.0,0.0,0.0,0.0,0.0,0.0,4.0,0.0,0.0,2.0,1.0,2.0,0.0,4.0,0.0,4.0,0.0,1.0,0.0,7.48,0.04,0.0
279,2021-08-16,0.0,0.0,0.0,0.0,0.0,0.0,0.0,4.0,0.0,0.0,2.0,1.0,2.0,0.0,4.0,0.0,4.0,0.0,1.0,0.0,9.19,0.54,0.0
280,2021-08-17,0.0,0.0,0.0,0.0,0.0,0.0,0.0,4.0,0.0,0.0,2.0,1.0,2.0,0.0,4.0,0.0,4.0,0.0,1.0,0.0,9.19,0.54,0.0
281,2021-08-18,0.0,0.0,0.0,0.0,0.0,0.0,0.0,4.0,0.0,0.0,2.0,1.0,2.0,0.0,4.0,0.0,4.0,0.0,1.0,0.0,9.19,0.54,0.0
282,2021-08-19,0.0,0.0,0.0,0.0,0.0,0.0,0.0,4.0,0.0,0.0,2.0,1.0,2.0,0.0,4.0,0.0,4.0,0.0,1.0,0.0,9.19,0.54,0.0
283,2021-08-20,0.0,0.0,0.0,0.0,0.0,0.0,0.0,4.0,0.0,0.0,2.0,1.0,2.0,0.0,4.0,0.0,4.0,0.0,1.0,0.0,9.19,0.54,0.0
284,2021-08-21,0.0,0.0,0.0,0.0,0.0,0.0,0.0,4.0,0.0,0.0,2.0,1.0,2.0,0.0,4.0,0.0,4.0,0.0,1.0,0.0,9.19,0.54,0.0
285,2021-08-22,0.0,0.0,0.0,0.0,0.0,0.0,0.0,4.0,0.0,0.0,2.0,1.0,2.0,0.0,4.0,0.0,4.0,0.0,1.0,0.0,9.19,0.54,0.0
286,2021-08-23,0.0,0.0,0.0,0.0,0.0,0.0,0.0,4.0,0.0,0.0,2.0,1.0,2.0,0.0,4.0,0.0,4.0,0.0,1.0,0.0,9.19,0.54,0.0
287,2021-08-24,0.0,0.0,0.0,0.0,0.0,0.0,0.0,4.0,0.0,0.0,2.0,1.0,2.0,0.0,4.0,0.0,4.0,0.0,1.0,0.0,9.19,0.54,0.0
288,2021-08-25,0.0,0.0,0.0,0.0,0.0,0.0,0.0,4.0,0.0,0.0,2.0,1.0,2.0,0.0,4.0,0.0,4.0,0.0,1.0,0.0,9.19,0.54,0.0
289,2021-08-26,0.0,0.0,0.0,0.0,0.0,0.0,0.0,4.0,0.0,0.0,2.0,1.0,2.0,0.0,4.0,0.0,4.0,0.0,1.0,0.0,9.19,0.54,0.0
290,2021-08-27,0.0,0.0,0.0,0.0,0.0,0.0,0.0,4.0,0.0,0.0,2.0,1.0,2.0,0.0,4.0,0.0,4.0,0.0,1.0,0.0,9.19,0.54,0.0
291,2021-08-28,0.0,0.0,0.0,0.0,0.0,0.0,0.0,4.0,0.0,0.0,2.0,1.0,2.0,0.0,4.0,0.0,4.0,0.0,1.0,0.0,9.19,0.54,0.0
292,2021-08-29,0.0,0.0,0.0,0.0,0.0,0.0,0.0,4.0,0.0,0.0,2.0,1.0,2.0,0.0,4.0,0.0,4.0,0.0,1.0,0.0,9.19,0.54,0.0
293,2021-08-30,0.0,0.0,0.0,0.0,0.0,0.0,0.0,4.0,0.0,0.0,2.0,1.0,2.0,0.0,4.0,0.0,4.0,0.0,1.0,0.0,9.19,0.54,0.0
294,2021-08-31,0.0,0.0,0.0,0.0,0.0,0.0,0.0,4.0,0.0,0.0,2.0,1.0,2.0,0.0,4.0,0.0,4.0,0.0,1.0,0.0,9.92,2.07,0.0
295,2021-09-01,0.0,0.0,0.0,0.0,0.0,0.0,0.0,4.0,0.0,0.0,2.0,1.0,2.0,0.0,4.0,0.0,4.0,0.0,1.0,0.0,9.92,2.07,0.0
296,2021-09-02,0.0,0.0,0.0,0.0,0.0,0.0,0.0,4.0,0.0,0.0,2.0,1.0,2.0,0.0,4.0,0.0,4.0,0.0,1.0,0.0,9.92,2.07,0.0
297,2021-09-03,0.0,0.0,0.0,0.0,0.0,0.0,0.0,4.0,0.0,0.0,2.0,1.0,2.0,0.0,4.0,0.0,4.0,0.0,1.0,0.0,9.92,2.07,0.0
298,2021-09-04,0.0,0.0,0.0,0.0,0.0,0.0,0.0,4.0,0.0,0.0,2.0,1.0,2.0,0.0,4.0,0.0,4.0,0.0,1.0,0.0,9.92,2.07,0.0
299,2021-09-05,0.0,0.0,0.0,0.0,0.0,0.0,0.0,4.0,0.0,0.0,2.0,1.0,2.0,0.0,4.0,0.0,4.0,0.0,1.0,0.0,9.92,2.07,0.0
300,2021-09-06,0.0,0.0,0.0,0.0,0.0,0.0,0.0,4.0,0.0,0.0,2.0,1.0,2.0,0.0,4.0,0.0,4.0,0.0,1.0,0.0,9.92,2.07,0.0
301,2021-09-07,0.0,0.0,0.0,0.0,0.0,0.0,0.0,4.0,0.0,0.0,2.0,1.0,2.0,0.0,4.0,0.0,4.0,0.0,1.0,0.0,10.89,2.79,0.0
302,2021-09-08,0.0,0.0,0.0,0.0,0.0,0.0,0.0,4.0,0.0,0.0,2.0,1.0,2.0,0.0,4.0,0.0,4.0,0.0,1.0,0.0,10.89,2.79,0.0
303,2021-09-09,0.0,0.0,0.0,0.0,0.0,0.0,0.0,4.0,0.0,0.0,2.0,1.0,2.0,0.0,4.0,0.0,4.0,0.0,1.0,0.0,10.89,2.79,0.0
304,2021-09-10,0.0,0.0,0.0,0.0,0.0,0.0,0.0,4.0,0.0,0.0,2.0,1.0,2.0,0.0,4.0,0.0,4.0,0.0,1.0,0.0,10.89,2.79,0.0
305,2021-09-11,0.0,0.0,0.0,0.0,0.0,0.0,0.0,4.0,0.0,0.0,2.0,1.0,2.0,0.0,4.0,0.0,4.0,0.0,1.0,0.0,10.89,2.79,0.0
306,2021-09-12,0.0,0.0,0.0,0.0,0.0,0.0,0.0,4.0,0.0,0.0,2.0,1.0,2.0,0.0,4.0,0.0,4.0,0.0,1.0,0.0,10.89,2.79,0.0
307,2021-09-13,0.0,0.0,0.0,0.0,0.0,0.0,0.0,4.0,0.0,0.0,2.0,1.0,2.0,0.0,4.0,0.0,4.0,0.0,1.0,0.0,10.89,2.79,0.0
308,2021-09-14,0.0,0.0,0.0,0.0,0.0,0.0,0.0,4.0,0.0,0.0,2.0,1.0,2.0,0.0,4.0,0.0,4.0,0.0,1.0,0.0,12.33,3.53,0.0
309,2021-09-15,0.0,0.0,0.0,0.0,0.0,0.0,0.0,4.0,0.0,0.0,2.0,1.0,2.0,0.0,4.0,0.0,4.0,0.0,1.0,0.0,12.33,3.53,0.0
310,2021-09-16,0.0,0.0,0.0,0.0,0.0,0.0,0.0,4.0,0.0,0.0,2.0,1.0,2.0,0.0,4.0,0.0,4.0,0.0,1.0,0.0,12.33,3.53,0.0
311,2021-09-17,0.0,0.0,0.0,0.0,0.0,0.0,0.0,4.0,0.0,0.0,2.0,1.0,2.0,0.0,4.0,0.0,4.0,0.0,1.0,0.0,12.33,3.53,0.0
312,2021-09-18,0.0,0.0,0.0,0.0,0.0,0.0,0.0,4.0,0.0,0.0,2.0,1.0,2.0,0.0,4.0,0.0,4.0,0.0,1.0,0.0,12.33,3.53,0.0
313,2021-09-19,0.0,0.0,0.0,0.0,0.0,0.0,0.0,4.0,0.0,0.0,2.0,1.0,2.0,0.0,4.0,0.0,4.0,0.0,1.0,0.0,12.33,3.53,0.0
314,2021-09-20,0.0,0.0,0.0,0.0,0.0,0.0,0.0,4.0,0.0,0.0,2.0,1.0,2.0,0.0,4.0,0.0,4.0,0.0,1.0,0.0,12.33,3.53,0.0
315,2021-09-21,0.0,0.0,0.0,0.0,0.0,0.0,0.0,4.0,0.0,0.0,2.0,1.0,2.0,0.0,4.0,0.0,4.0,0.0,1.0,0.0,13.42,4.49,0.0
316,2021-09-22,0.0,0.0,0.0,0.0,0.0,0.0,0.0,4.0,0.0,0.0,2.0,1.0,2.0,0.0,4.0,0.0,4.0,0.0,1.0,0.0,13.42,4.49,0.0
317,2021-09-23,0.0,0.0,0.0,0.0,0.0,0.0,0.0,4.0,0.0,0.0,2.0,1.0,2.0,0.0,4.0,0.0,4.0,0.0,1.0,0.0,13.42,4.49,0.0
318,2021-09-24,0.0,0.0,0.0,0.0,0.0,0.0,0.0,4.0,0.0,0.0,2.0,1.0,2.0,0.0,4.0,0.0,4.0,0.0,1.0,0.0,13.42,4.49,0.0
319,2021-09-25,0.0,0.0,0.0,0.0,0.0,0.0,0.0,4.0,0.0,0.0,2.0,1.0,2.0,0.0,4.0,0.0,4.0,0.0,1.0,0.0,13.42,4.49,0.0
320,2021-09-26,0.0,0.0,0.0,0.0,0.0,0.0,0.0,4.0,0.0,0.0,2.0,1.0,2.0,0.0,4.0,0.0,4.0,0.0,1.0,0.0,13.42,4.49,0.0
321,2021-09-27,0.0,0.0,0.0,0.0,0.0,0.0,0.0,4.0,0.0,0.0,2.0,1.0,2.0,0.0,4.0,0.0,4.0,0.0,1.0,0.0,13.42,4.49,0.0
322,2021-09-28,0.0,0.0,0.0,0.0,0.0,0.0,0.0,2.0,0.0,0.0,2.0,1.0,2.0,0.0,5.0,0.0,4.0,0.0,1.0,0.0,13.42,4.49,0.0
323,2021-09-29,0.0,0.0,0.0,0.0,0.0,0.0,0.0,2.0,0.0,0.0,2.0,1.0,2.0,0.0,5.0,0.0,4.0,0.0,1.0,0.0,13.42,4.49,0.0
324,2021-09-30,0.0,0.0,0.0,0.0,0.0,0.0,0.0,2.0,0.0,0.0,2.0,1.0,2.0,0.0,5.0,0.0,4.0,0.0,1.0,0.0,13.42,4.49,0.0
325,2021-10-01,0.0,0.0,0.0,0.0,0.0,0.0,0.0,2.0,0.0,0.0,2.0,1.0,2.0,0.0,5.0,0.0,4.0,0.0,1.0,0.0,13.42,4.49,0.0
326,2021-10-02,0.0,0.0,0.0,0.0,0.0,0.0,0.0,2.0,0.0,0.0,2.0,1.0,2.0,0.0,5.0,0.0,4.0,0.0,1.0,0.0,13.42,4.49,0.0
327,2021-10-03,0.0,0.0,0.0,0.0,0.0,0.0,0.0,2.0,0.0,0.0,2.0,1.0,2.0,0.0,5.0,0.0,4.0,0.0,1.0,0.0,13.42,4.49,0.0
328,2021-10-04,0.0,0.0,0.0,0.0,0.0,0.0,0.0,2.0,0.0,0.0,2.0,1.0,2.0,0.0,5.0,0.0,4.0,0.0,1.0,0.0,13.42,4.49,0.0
329,2021-10-05,0.0,0.0,0.0,0.0,0.0,0.0,0.0,2.0,0.0,0.0,2.0,1.0,2.0,0.0,5.0,0.0,4.0,0.0,1.0,0.0,15.55,7.55,0.0
330,2021-10-06,0.0,0.0,0.0,0.0,0.0,0.0,0.0,2.0,0.0,0.0,2.0,1.0,2.0,0.0,5.0,0.0,4.0,0.0,1.0,0.0,15.55,7.55,0.0
331,2021-10-07,0.0,0.0,0.0,0.0,0.0,0.0,0.0,2.0,0.0,0.0,2.0,1.0,2.0,0.0,5.0,0.0,4.0,0.0,1.0,0.0,15.55,7.55,0.0
332,2021-10-08,0.0,0.0,0.0,0.0,0.0,0.0,0.0,2.0,0.0,0.0,2.0,1.0,2.0,0.0,5.0,0.0,4.0,0.0,1.0,0.0,15.55,7.55,0.0
333,2021-10-09,0.0,0.0,0.0,0.0,0.0,0.0,0.0,2.0,0.0,0.0,2.0,1.0,2.0,0.0,5.0,0.0,4.0,0.0,1.0,0.0,15.55,7.55,0.0
334,2021-10-10,0.0,0.0,0.0,0.0,0.0,0.0,0.0,2.0,0.0,0.0,2.0,1.0,2.0,0.0,5.0,0.0,4.0,0.0,1.0,0.0,15.55,7.55,0.0
335,2021-10-11,0.0,0.0,0.0,0.0,0.0,0.0,0.0,2.0,0.0,0.0,2.0,1.0,2.0,0.0,5.0,0.0,4.0,0.0,1.0,0.0,15.55,7.55,0.0
336,2021-10-12,0.0,0.0,0.0,0.0,0.0,0.0,0.0,2.0,0.0,0.0,2.0,1.0,2.0,0.0,5.0,0.0,4.0,0.0,1.0,0.0,18.55,8.89,0.0
337,2021-10-13,0.0,0.0,0.0,0.0,0.0,0.0,0.0,2.0,0.0,0.0,2.0,1.0,2.0,0.0,5.0,0.0,4.0,0.0,1.0,0.0,18.55,8.89,0.0
338,2021-10-14,0.0,0.0,0.0,0.0,0.0,0.0,0.0,2.0,0.0,0.0,2.0,1.0,2.0,0.0,5.0,0.0,4.0,0.0,1.0,0.0,18.55,8.89,0.0
339,2021-10-15,0.0,0.0,0.0,0.0,0.0,0.0,0.0,2.0,0.0,0.0,2.0,1.0,2.0,0.0,5.0,0.0,4.0,0.0,1.0,0.0,18.55,8.89,0.0
340,2021-10-16,0.0,0.0,0.0,0.0,0.0,0.0,0.0,2.0,0.0,0.0,2.0,1.0,2.0,0.0,5.0,0.0,4.0,0.0,1.0,0.0,18.55,8.89,0.0
341,2021-10-17,0.0,0.0,0.0,0.0,0.0,0.0,0.0,2.0,0.0,0.0,2.0,1.0,2.0,0.0,5.0,0.0,4.0,0.0,1.0,0.0,18.55,8.89,0.0
342,2021-10-18,0.0,0.0,0.0,0.0,0.0,0.0,0.0,2.0,0.0,0.0,2.0,1.0,2.0,0.0,5.0,0.0,4.0,0.0,1.0,0.0,18.55,8.89,0.0
343,2021-10-19,0.0,0.0,0.0,0.0,0.0,0.0,0.0,2.0,0.0,0.0,2.0,1.0,2.0,0.0,5.0,0.0,4.0,0.0,1.0,0.0,18.55,8.89,0.0
344,2021-10-20,0.0,0.0,0.0,0.0,0.0,0.0,0.0,2.0,0.0,0.0,2.0,1.0,2.0,0.0,5.0,0.0,4.0,0.0,1.0,0.0,18.55,8.89,0.0
345,2021-10-21,0.0,0.0,0.0,0.0,0.0,0.0,0.0,2.0,0.0,0.0,2.0,1.0,2.0,0.0,5.0,0.0,4.0,0.0,1.0,0.0,18.55,8.89,0.0
346,2021-10-22,0.0,0.0,0.0,0.0,0.0,0.0,0.0,2.0,0.0,0.0,2.0,1.0,2.0,0.0,5.0,0.0,4.0,0.0,1.0,0.0,18.55,8.89,0.0
347,2021-10-23,0.0,0.0,0.0,0.0,0.0,0.0,0.0,2.0,0.0,0.0,2.0,1.0,2.0,0.0,5.0,0.0,4.0,0.0,1.0,0.0,18.55,8.89,0.0
348,2021-10-24,0.0,0.0,0.0,0.0,0.0,0.0,0.0,2.0,0.0,0.0,2.0,1.0,2.0,0.0,5.0,0.0,4.0,0.0,1.0,0.0,18.55,8.89,0.0
349,2021-10-25,0.0,0.0,0.0,0.0,0.0,0.0,0.0,2.0,0.0,0.0,2.0,1.0,2.0,0.0,5.0,0.0,4.0,0.0,1.0,0.0,20.68,9.57,0.0
350,2021-10-26,0.0,0.0,0.0,0.0,0.0,0.0,0.0,3.0,0.0,0.0,2.0,1.0,2.0,1.0,5.0,0.0,4.0,0.0,1.0,0.0,20.68,9.57,0.0
351,2021-10-27,0.0,0.0,0.0,0.0,0.0,0.0,0.0,3.0,0.0,0.0,2.0,1.0,2.0,1.0,5.0,0.0,6.0,2.0,1.0,0.0,20.68,9.57,0.0
352,2021-10-28,0.0,0.0,0.0,0.0,0.0,0.0,0.0,3.0,0.0,0.0,2.0,1.0,2.0,1.0,5.0,0.0,6.0,0.0,1.0,0.0,20.68,9.57,0.0
353,2021-10-29,0.0,0.0,0.0,0.0,0.0,0.0,0.0,3.0,0.0,0.0,2.0,1.0,2.0,1.0,5.0,0.0,6.0,0.0,1.0,0.0,20.68,9.57,0.0
354,2021-10-30,0.0,0.0,0.0,0.0,0.0,0.0,0.0,3.0,0.0,0.0,2.0,1.0,2.0,1.0,5.0,0.0,6.0,0.0,1.0,0.0,20.68,9.57,0.0
355,2021-10-31,0.0,0.0,0.0,0.0,0.0,0.0,0.0,3.0,0.0,0.0,2.0,1.0,2.0,1.0,5.0,0.0,6.0,0.0,1.0,0.0,20.68,9.57,0.0
356,2021-11-01,0.0,0.0,0.0,0.0,0.0,0.0,0.0,3.0,0.0,0.0,2.0,1.0,2.0,1.0,5.0,0.0,6.0,0.0,1.0,0.0,22.65,10.26,0.0
357,2021-11-02,0.0,0.0,0.0,0.0,0.0,0.0,0.0,3.0,0.0,0.0,2.0,1.0,2.0,1.0,5.0,0.0,6.0,0.0,1.0,0.0,22.65,10.26,0.0
358,2021-11-03,0.0,0.0,0.0,0.0,0.0,0.0,0.0,3.0,0.0,0.0,2.0,1.0,2.0,1.0,5.0,0.0,6.0,0.0,1.0,0.0,22.65,10.26,0.0
359,2021-11-04,0.0,0.0,0.0,0.0,0.0,0.0,0.0,3.0,0.0,0.0,2.0,1.0,2.0,1.0,5.0,0.0,6.0,0.0,1.0,0.0,22.65,10.26,0.0
360,2021-11-05,0.0,0.0,0.0,0.0,0.0,0.0,0.0,3.0,0.0,0.0,2.0,1.0,2.0,1.0,5.0,0.0,6.0,0.0,1.0,0.0,22.65,10.26,0.0
361,2021-11-06,0.0,0.0,0.0,0.0,0.0,0.0,0.0,3.0,0.0,0.0,2.0,1.0,2.0,1.0,5.0,0.0,6.0,0.0,1.0,0.0,22.65,10.26,0.0
362,2021-11-07,0.0,0.0,0.0,0.0,0.0,0.0,0.0,3.0,0.0,0.0,2.0,1.0,2.0,1.0,5.0,0.0,6.0,0.0,1.0,0.0,22.65,10.26,0.0
363,2021-11-08,0.0,0.0,0.0,0.0,0.0,0.0,0.0,3.0,0.0,0.0,2.0,1.0,2.0,1.0,5.0,0.0,6.0,0.0,1.0,0.0,25.24,10.77,0.0
364,2021-11-09,0.0,0.0,0.0,0.0,0.0,0.0,0.0,3.0,0.0,0.0,2.0,1.0,2.0,1.0,5.0,0.0,6.0,0.0,1.0,0.0,25.24,10.77,0.0
365,2021-11-10,0.0,0.0,0.0,0.0,0.0,0.0,0.0,3.0,0.0,0.0,2.0,1.0,2.0,1.0,5.0,0.0,6.0,0.0,1.0,0.0,25.24,10.77,0.0
366,2021-11-11,0.0,0.0,0.0,0.0,0.0,0.0,0.0,3.0,0.0,0.0,2.0,1.0,2.0,1.0,5.0,0.0,6.0,0.0,1.0,0.0,25.24,10.77,0.0
367,2021-11-12,0.0,0.0,0.0,0.0,0.0,0.0,0.0,3.0,0.0,0.0,2.0,1.0,2.0,1.0,5.0,0.0,6.0,0.0,1.0,0.0,25.24,10.77,0.0
368,2021-11-13,0.0,0.0,0.0,0.0,0.0,0.0,0.0,3.0,0.0,0.0,2.0,1.0,2.0,1.0,5.0,0.0,6.0,0.0,1.0,0.0,25.24,10.77,0.0
369,2021-11-14,0.0,0.0,0.0,0.0,0.0,0.0,0.0,3.0,0.0,0.0,2.0,1.0,2.0,1.0,5.0,0.0,6.0,0.0,1.0,0.0,25.24,10.77,0.0
370,2021-11-15,0.0,0.0,0.0,0.0,0.0,0.0,0.0,3.0,0.0,0.0,2.0,1.0,2.0,1.0,5.0,0.0,6.0,0.0,1.0,0.0,26.94,11.56,0.0
371,2021-11-16,0.0,0.0,0.0,0.0,0.0,0.0,0.0,3.0,0.0,0.0,2.0,1.0,2.0,1.0,5.0,0.0,6.0,0.0,1.0,0.0,26.94,11.56,0.0
372,2021-11-17,0.0,0.0,0.0,0.0,0.0,0.0,0.0,3.0,0.0,0.0,2.0,1.0,2.0,1.0,5.0,0.0,6.0,0.0,1.0,0.0,26.94,11.56,0.0
373,2021-11-18,0.0,0.0,0.0,0.0,0.0,0.0,0.0,3.0,0.0,0.0,2.0,1.0,2.0,1.0,5.0,0.0,6.0,0.0,1.0,0.0,26.94,11.56,0.0
374,2021-11-19,0.0,0.0,0.0,0.0,0.0,0.0,0.0,3.0,0.0,0.0,2.0,1.0,2.0,1.0,5.0,0.0,6.0,0.0,1.0,0.0,26.94,11.56,0.0
375,2021-11-20,0.0,0.0,0.0,0.0,0.0,0.0,0.0,3.0,0.0,0.0,2.0,1.0,2.0,1.0,5.0,0.0,6.0,0.0,1.0,0.0,26.94,11.56,0.0
376,2021-11-21,0.0,0.0,0.0,0.0,0.0,0.0,0.0,3.0,0.0,0.0,2.0,1.0,2.0,1.0,5.0,0.0,6.0,0.0,1.0,0.0,26.94,11.56,0.0
377,2021-11-22,0.0,0.0,0.0,0.0,0.0,0.0,0.0,3.0,0.0,0.0,2.0,1.0,2.0,1.0,5.0,0.0,6.0,0.0,1.0,0.0,28.04,12.57,0.0
378,2021-11-23,0.0,0.0,0.0,0.0,0.0,0.0,0.0,3.0,0.0,0.0,2.0,1.0,2.0,1.0,5.0,0.0,6.0,0.0,1.0,0.0,28.04,12.57,0.0
379,2021-11-24,0.0,0.0,0.0,0.0,0.0,0.0,0.0,3.0,0.0,0.0,2.0,1.0,2.0,1.0,5.0,0.0,6.0,0.0,1.0,0.0,28.04,12.57,0.0
380,2021-11-25,0.0,0.0,0.0,0.0,0.0,0.0,0.0,3.0,0.0,0.0,2.0,1.0,2.0,1.0,5.0,0.0,6.0,0.0,1.0,0.0,28.04,12.57,0.0
381,2021-11-26,0.0,0.0,0.0,0.0,0.0,0.0,0.0,3.0,0.0,0.0,2.0,1.0,2.0,1.0,5.0,0.0,6.0,0.0,1.0,0.0,28.04,12.57,0.0
382,2021-11-27,0.0,0.0,0.0,0.0,0.0,0.0,0.0,3.0,0.0,0.0,2.0,1.0,2.0,1.0,5.0,0.0,6.0,0.0,1.0,0.0,28.04,12.57,0.0
383,2021-11-28,0.0,0.0,0.0,0.0,0.0,0.0,0.0,3.0,0.0,0.0,2.0,1.0,2.0,1.0,5.0,0.0,6.0,0.0,1.0,0.0,28.04,12.57,0.0
384,2021-11-29,0.0,0.0,0.0,0.0,0.0,0.0,0.0,3.0,0.0,0.0,2.0,1.0,2.0,1.0,5.0,0.0,6.0,0.0,1.0,0.0,28.04,12.57,0.0
385,2021-11-30,0.0,0.0,0.0,0.0,0.0,0.0,0.0,3.0,0.0,0.0,2.0,1.0,2.0,1.0,5.0,0.0,6.0,0.0,1.0,0.0,28.04,12.57,0.0
386,2021-12-01,0.0,0.0,0.0,0.0,0.0,0.0,0.0,3.0,0.0,0.0,2.0,1.0,2.0,1.0,5.0,0.0,6.0,0.0,1.0,0.0,28.04,12.57,0.0
387,2021-12-02,0.0,0.0,0.0,0.0,0.0,0.0,0.0,3.0,0.0,0.0,2.0,1.0,2.0,1.0,5.0,0.0,6.0,0.0,1.0,0.0,28.04,12.57,0.0
388,2021-12-03,0.0,0.0,0.0,0.0,0.0,0.0,0.0,3.0,0.0,0.0,2.0,1.0,2.0,1.0,5.0,0.0,6.0,0.0,1.0,0.0,28.04,12.57,0.0
389,2021-12-04,0.0,0.0,0.0,0.0,0.0,0.0,0.0,3.0,0.0,0.0,2.0,1.0,2.0,1.0,5.0,0.0,6.0,0.0,1.0,0.0,28.04,12.57,0.0
390,2021-12-05,0.0,0.0,0.0,0.0,0.0,0.0,0.0,3.0,0.0,0.0,2.0,1.0,2.0,1.0,5.0,0.0,6.0,0.0,1.0,0.0,28.04,12.57,0.0
391,2021-12-06,0.0,0.0,0.0,0.0,0.0,0.0,0.0,3.0,0.0,0.0,2.0,1.0,2.0,1.0,5.0,0.0,6.0,0.0,1.0,0.0,30.13,14.21,0.0
392,2021-12-07,0.0,0.0,0.0,0.0,0.0,0.0,0.0,3.0,0.0,0.0,2.0,1.0,2.0,1.0,5.0,0.0,6.0,0.0,1.0,0.0,30.13,14.21,0.0
393,2021-12-08,0.0,0.0,0.0,0.0,0.0,0.0,0.0,3.0,0.0,0.0,2.0,1.0,2.0,1.0,5.0,0.0,6.0,0.0,1.0,0.0,30.13,14.21,0.0
394,2021-12-09,0.0,0.0,0.0,0.0,0.0,0.0,0.0,3.0,0.0,0.0,2.0,1.0,2.0,1.0,5.0,0.0,6.0,0.0,1.0,0.0,30.13,14.21,0.0
395,2021-12-10,0.0,0.0,0.0,0.0,0.0,0.0,0.0,3.0,0.0,0.0,2.0,1.0,2.0,1.0,5.0,0.0,6.0,0.0,1.0,0.0,30.13,14.21,0.0
396,2021-12-11,0.0,0.0,0.0,0.0,0.0,0.0,0.0,3.0,0.0,0.0,2.0,1.0,2.0,1.0,5.0,0.0,6.0,0.0,1.0,0.0,30.13,14.21,0.0
397,2021-12-12,0.0,0.0,0.0,0.0,0.0,0.0,0.0,3.0,0.0,0.0,2.0,1.0,2.0,1.0,5.0,0.0,6.0,0.0,1.0,0.0,30.13,14.21,0.0
398,2021-12-13,0.0,0.0,0.0,0.0,0.0,0.0,0.0,3.0,0.0,0.0,2.0,1.0,2.0,1.0,5.0,0.0,6.0,0.0,1.0,0.0,31.42,14.84,0.0
399,2021-12-14,0.0,0.0,0.0,0.0,0.0,0.0,0.0,3.0,0.0,0.0,2.0,1.0,2.0,1.0,5.0,0.0,7.0,1.0,1.0,0.0,31.42,14.84,0.0
400,2021-12-15,0.0,0.0,0.0,0.0,0.0,0.0,0.0,3.0,0.0,0.0,2.0,1.0,2.0,1.0,5.0,0.0,7.0,0.0,1.0,0.0,31.42,14.84,0.0
401,2021-12-16,0.0,0.0,0.0,0.0,0.0,0.0,0.0,3.0,0.0,0.0,2.0,1.0,2.0,1.0,5.0,0.0,7.0,0.0,1.0,0.0,31.42,14.84,0.0
402,2021-12-17,0.0,0.0,0.0,0.0,0.0,0.0,0.0,3.0,0.0,0.0,2.0,1.0,2.0,1.0,5.0,0.0,7.0,0.0,1.0,0.0,31.42,14.84,0.0
403,2021-12-18,0.0,0.0,0.0,0.0,0.0,0.0,0.0,3.0,0.0,0.0,2.0,1.0,2.0,1.0,5.0,0.0,7.0,0.0,1.0,0.0,31.42,14.84,0.0
404,2021-12-19,0.0,0.0,0.0,0.0,0.0,0.0,0.0,3.0,0.0,0.0,2.0,1.0,2.0,1.0,5.0,0.0,7.0,0.0,1.0,0.0,31.42,14.84,0.0
405,2021-12-20,0.0,0.0,0.0,0.0,0.0,0.0,0.0,3.0,0.0,0.0,2.0,1.0,2.0,1.0,5.0,0.0,7.0,0.0,1.0,0.0,32.06,15.79,0.0
406,2021-12-21,0.0,0.0,0.0,0.0,0.0,0.0,0.0,3.0,0.0,0.0,2.0,1.0,2.0,1.0,5.0,0.0,7.0,0.0,1.0,0.0,32.06,15.79,0.0
407,2021-12-22,0.0,0.0,0.0,0.0,0.0,0.0,0.0,3.0,0.0,0.0,2.0,1.0,2.0,0.0,5.0,0.0,7.0,0.0,1.0,0.0,32.06,15.79,0.0
408,2021-12-23,0.0,0.0,0.0,0.0,0.0,0.0,0.0,3.0,0.0,0.0,2.0,1.0,2.0,0.0,5.0,0.0,7.0,0.0,1.0,0.0,32.06,15.79,0.0
409,2021-12-24,0.0,0.0,0.0,0.0,0.0,0.0,0.0,3.0,0.0,0.0,2.0,1.0,2.0,0.0,5.0,0.0,7.0,0.0,1.0,0.0,32.06,15.79,0.0
410,2021-12-25,0.0,0.0,0.0,0.0,0.0,0.0,0.0,3.0,0.0,0.0,2.0,1.0,2.0,0.0,5.0,0.0,7.0,0.0,1.0,0.0,32.06,15.79,0.0
411,2021-12-26,0.0,0.0,0.0,0.0,0.0,0.0,0.0,3.0,0.0,0.0,2.0,1.0,2.0,0.0,5.0,0.0,7.0,0.0,1.0,0.0,32.06,15.79,0.0
412,2021-12-27,0.0,0.0,0.0,0.0,0.0,0.0,0.0,3.0,0.0,0.0,2.0,1.0,2.0,0.0,5.0,0.0,7.0,0.0,1.0,0.0,32.06,15.79,0.0
413,2021-12-28,0.0,0.0,0.0,0.0,0.0,0.0,0.0,3.0,0.0,0.0,2.0,1.0,2.0,0.0,5.0,0.0,7.0,0.0,1.0,0.0,32.06,15.79,0.0
414,2021-12-29,0.0,0.0,0.0,0.0,0.0,0.0,0.0,3.0,0.0,0.0,2.0,1.0,2.0,0.0,5.0,0.0,7.0,0.0,1.0,0.0,32.06,15.79,0.0
415,2021-12-30,0.0,0.0,0.0,0.0,0.0,0.0,0.0,3.0,0.0,0.0,2.0,1.0,2.0,0.0,5.0,0.0,7.0,0.0,1.0,0.0,32.06,15.79,0.0
416,2021-12-31,0.0,0.0,0.0,0.0,0.0,0.0,0.0,3.0,0.0,0.0,2.0,1.0,2.0,0.0,5.0,0.0,7.0,0.0,1.0,0.0,32.06,15.79,0.0
417,2022-01-01,0.0,0.0,0.0,0.0,0.0,0.0,0.0,3.0,0.0,0.0,2.0,1.0,2.0,0.0,5.0,0.0,7.0,0.0,1.0,0.0,32.06,15.79,0.0
418,2022-01-02,0.0,0.0,0.0,0.0,0.0,0.0,0.0,3.0,0.0,0.0,2.0,1.0,2.0,0.0,5.0,0.0,7.0,0.0,1.0,0.0,32.06,15.79,0.0
419,2022-01-03,0.0,0.0,0.0,0.0,0.0,0.0,0.0,3.0,0.0,0.0,2.0,1.0,2.0,0.0,5.0,0.0,7.0,0.0,1.0,0.0,32.06,15.79,0.0
420,2022-01-04,0.0,0.0,0.0,0.0,0.0,0.0,0.0,3.0,0.0,0.0,2.0,1.0,2.0,0.0,5.0,0.0,7.0,0.0,1.0,0.0,32.06,15.79,0.0
421,2022-01-05,0.0,0.0,0.0,0.0,0.0,0.0,0.0,3.0,0.0,0.0,2.0,1.0,2.0,0.0,5.0,0.0,7.0,0.0,1.0,0.0,32.06,15.79,0.0
422,2022-01-06,0.0,0.0,0.0,0.0,0.0,0.0,0.0,3.0,0.0,0.0,2.0,1.0,2.0,0.0,5.0,0.0,7.0,0.0,1.0,0.0,32.06,15.79,0.0
423,2022-01-07,0.0,0.0,0.0,0.0,0.0,0.0,0.0,3.0,0.0,0.0,2.0,1.0,2.0,0.0,5.0,0.0,7.0,0.0,1.0,0.0,32.06,15.79,0.0
424,2022-01-08,0.0,0.0,0.0,0.0,0.0,0.0,0.0,3.0,0.0,0.0,2.0,1.0,2.0,0.0,5.0,0.0,7.0,0.0,1.0,0.0,32.06,15.79,0.0
425,2022-01-09,0.0,0.0,0.0,0.0,0.0,0.0,0.0,3.0,0.0,0.0,2.0,1.0,2.0,0.0,5.0,0.0,7.0,0.0,1.0,0.0,32.06,15.79,0.0
426,2022-01-10,0.0,0.0,0.0,0.0,0.0,0.0,0.0,3.0,0.0,0.0,2.0,1.0,2.0,0.0,5.0,0.0,7.0,0.0,1.0,0.0,32.06,15.79,0.0
427,2022-01-11,0.0,0.0,0.0,0.0,0.0,0.0,0.0,3.0,0.0,0.0,2.0,1.0,2.0,0.0,5.0,0.0,7.0,0.0,1.0,0.0,32.06,15.79,0.0
428,2022-01-12,0.0,0.0,0.0,0.0,0.0,0.0,0.0,3.0,0.0,0.0,2.0,1.0,2.0,0.0,5.0,0.0,7.0,0.0,1.0,0.0,32.06,15.79,0.0
429,2022-01-13,0.0,0.0,0.0,0.0,0.0,0.0,0.0,3.0,0.0,0.0,2.0,1.0,2.0,0.0,5.0,0.0,7.0,0.0,1.0,0.0,32.06,15.79,0.0
430,2022-01-14,0.0,0.0,0.0,0.0,0.0,0.0,0.0,3.0,0.0,0.0,2.0,1.0,2.0,0.0,5.0,0.0,7.0,0.0,1.0,0.0,32.06,15.79,0.0
431,2022-01-15,0.0,0.0,0.0,0.0,0.0,0.0,0.0,3.0,0.0,0.0,2.0,1.0,2.0,0.0,5.0,0.0,7.0,0.0,1.0,0.0,32.06,15.79,0.0
432,2022-01-16,0.0,0.0,0.0,0.0,0.0,0.0,0.0,3.0,0.0,0.0,2.0,1.0,2.0,0.0,5.0,0.0,7.0,0.0,1.0,0.0,32.06,15.79,0.0
433,2022-01-17,0.0,0.0,0.0,0.0,0.0,0.0,0.0,3.0,0.0,0.0,2.0,1.0,2.0,0.0,5.0,0.0,7.0,0.0,1.0,0.0,32.06,15.79,0.0
434,2022-01-18,0.0,0.0,0.0,0.0,0.0,0.0,0.0,3.0,0.0,0.0,2.0,1.0,2.0,0.0,5.0,0.0,7.0,0.0,1.0,0.0,32.06,15.79,0.0
435,2022-01-19,0.0,0.0,0.0,0.0,0.0,0.0,0.0,3.0,0.0,0.0,2.0,1.0,2.0,0.0,5.0,0.0,7.0,0.0,1.0,0.0,32.06,15.79,0.0
436,2022-01-20,0.0,0.0,0.0,0.0,0.0,0.0,0.0,3.0,0.0,0.0,2.0,1.0,2.0,0.0,5.0,0.0,7.0,0.0,1.0,0.0,32.06,15.79,0.0
437,2022-01-21,0.0,0.0,0.0,0.0,0.0,0.0,0.0,3.0,0.0,0.0,2.0,1.0,2.0,0.0,5.0,0.0,7.0,0.0,1.0,0.0,32.06,15.79,0.0
438,2022-01-22,0.0,0.0,0.0,0.0,0.0,0.0,0.0,3.0,0.0,0.0,2.0,1.0,2.0,0.0,5.0,0.0,7.0,0.0,1.0,0.0,32.06,15.79,0.0
439,2022-01-23,0.0,0.0,0.0,0.0,0.0,0.0,0.0,3.0,0.0,0.0,2.0,1.0,2.0,0.0,5.0,0.0,7.0,0.0,1.0,0.0,32.06,15.79,0.0
440,2022-01-24,0.0,0.0,0.0,0.0,0.0,0.0,0.0,3.0,0.0,0.0,2.0,1.0,2.0,0.0,5.0,0.0,7.0,0.0,1.0,0.0,34.21,21.71,0.0
441,2022-01-25,0.0,0.0,0.0,0.0,0.0,0.0,0.0,4.0,0.0,0.0,2.0,1.0,2.0,0.0,5.0,0.0,7.0,0.0,1.0,0.0,34.21,21.71,0.0
442,2022-01-26,0.0,0.0,0.0,0.0,0.0,0.0,0.0,4.0,0.0,0.0,2.0,1.0,2.0,0.0,5.0,0.0,7.0,0.0,1.0,0.0,34.21,21.71,0.0
443,2022-01-27,0.0,0.0,0.0,0.0,0.0,0.0,0.0,4.0,0.0,0.0,2.0,1.0,2.0,0.0,5.0,0.0,7.0,0.0,1.0,0.0,34.21,21.71,0.0
444,2022-01-28,0.0,0.0,0.0,0.0,0.0,0.0,0.0,4.0,0.0,0.0,2.0,1.0,2.0,0.0,5.0,0.0,7.0,0.0,1.0,0.0,34.21,21.71,0.0
445,2022-01-29,0.0,0.0,0.0,0.0,0.0,0.0,0.0,4.0,0.0,0.0,2.0,1.0,2.0,0.0,5.0,0.0,7.0,0.0,1.0,0.0,34.21,21.71,0.0
446,2022-01-30,0.0,0.0,0.0,0.0,0.0,0.0,0.0,4.0,0.0,0.0,2.0,1.0,2.0,0.0,5.0,0.0,7.0,0.0,1.0,0.0,34.21,21.71,0.0
447,2022-01-31,0.0,0.0,0.0,0.0,0.0,0.0,0.0,4.0,0.0,0.0,2.0,1.0,2.0,0.0,5.0,0.0,7.0,0.0,1.0,0.0,34.21,21.71,0.0
448,2022-02-01,0.0,0.0,0.0,0.0,0.0,0.0,0.0,4.0,0.0,0.0,2.0,1.0,2.0,0.0,5.0,0.0,7.0,0.0,1.0,0.0,34.21,21.71,0.0
449,2022-02-02,0.0,0.0,0.0,0.0,0.0,0.0,0.0,4.0,0.0,0.0,2.0,1.0,2.0,0.0,5.0,0.0,7.0,0.0,1.0,0.0,34.21,21.71,0.0
450,2022-02-03,0.0,0.0,0.0,0.0,0.0,0.0,0.0,4.0,0.0,0.0,2.0,1.0,2.0,0.0,5.0,0.0,7.0,0.0,1.0,0.0,34.21,21.71,0.0
451,2022-02-04,0.0,0.0,0.0,0.0,0.0,0.0,0.0,4.0,0.0,0.0,2.0,1.0,2.0,0.0,5.0,0.0,7.0,0.0,1.0,0.0,34.21,21.71,0.0
452,2022-02-05,0.0,0.0,0.0,0.0,0.0,0.0,0.0,4.0,0.0,0.0,2.0,1.0,2.0,0.0,5.0,0.0,7.0,0.0,1.0,0.0,34.21,21.71,0.0
453,2022-02-06,0.0,0.0,0.0,0.0,0.0,0.0,0.0,4.0,0.0,0.0,2.0,1.0,2.0,0.0,5.0,0.0,7.0,0.0,1.0,0.0,34.21,21.71,0.0
454,2022-02-07,0.0,0.0,0.0,0.0,0.0,0.0,0.0,4.0,0.0,0.0,2.0,1.0,2.0,0.0,5.0,0.0,7.0,0.0,1.0,0.0,34.54,23.13,0.0
455,2022-02-08,0.0,0.0,0.0,0.0,0.0,0.0,0.0,4.0,0.0,0.0,2.0,1.0,2.0,0.0,5.0,0.0,7.0,0.0,1.0,0.0,34.54,23.13,0.0
456,2022-02-09,0.0,0.0,0.0,0.0,0.0,0.0,0.0,4.0,0.0,0.0,2.0,1.0,2.0,0.0,5.0,0.0,7.0,0.0,1.0,0.0,34.54,23.13,0.0
457,2022-02-10,0.0,0.0,0.0,0.0,0.0,0.0,0.0,4.0,0.0,0.0,2.0,1.0,2.0,0.0,5.0,0.0,7.0,0.0,1.0,0.0,34.54,23.13,0.0
458,2022-02-11,0.0,0.0,0.0,0.0,0.0,0.0,0.0,4.0,0.0,0.0,2.0,1.0,2.0,0.0,5.0,0.0,7.0,0.0,1.0,0.0,34.54,23.13,0.0
459,2022-02-12,0.0,0.0,0.0,0.0,0.0,0.0,0.0,4.0,0.0,0.0,2.0,1.0,2.0,0.0,5.0,0.0,7.0,0.0,1.0,0.0,34.54,23.13,0.0
460,2022-02-13,0.0,0.0,0.0,0.0,0.0,0.0,0.0,4.0,0.0,0.0,2.0,1.0,2.0,0.0,5.0,0.0,7.0,0.0,1.0,0.0,34.54,23.13,0.0
461,2022-02-14,0.0,0.0,0.0,0.0,0.0,0.0,0.0,4.0,0.0,0.0,2.0,1.0,2.0,0.0,5.0,0.0,7.0,0.0,1.0,0.0,34.54,23.13,0.0
462,2022-02-15,0.0,0.0,0.0,0.0,0.0,0.0,0.0,4.0,0.0,0.0,2.0,1.0,2.0,0.0,5.0,0.0,7.0,0.0,1.0,0.0,34.54,23.13,0.0
463,2022-02-16,0.0,0.0,0.0,0.0,0.0,0.0,0.0,4.0,0.0,0.0,2.0,1.0,2.0,0.0,5.0,0.0,7.0,0.0,1.0,0.0,34.54,23.13,0.0
464,2022-02-17,0.0,0.0,0.0,0.0,0.0,0.0,0.0,4.0,0.0,0.0,2.0,1.0,2.0,0.0,5.0,0.0,7.0,0.0,1.0,0.0,34.54,23.13,0.0
465,2022-02-18,0.0,0.0,0.0,0.0,0.0,0.0,0.0,4.0,0.0,0.0,2.0,1.0,2.0,0.0,5.0,0.0,7.0,0.0,1.0,0.0,34.54,23.13,0.0
466,2022-02-19,0.0,0.0,0.0,0.0,0.0,0.0,0.0,4.0,0.0,0.0,2.0,1.0,2.0,0.0,5.0,0.0,11.0,4.0,1.0,0.0,34.54,23.13,0.0
467,2022-02-20,0.0,0.0,0.0,0.0,0.0,0.0,0.0,4.0,0.0,0.0,2.0,1.0,2.0,0.0,5.0,0.0,11.0,0.0,1.0,0.0,34.54,23.13,0.0
468,2022-02-21,0.0,0.0,0.0,0.0,0.0,0.0,0.0,4.0,0.0,0.0,2.0,1.0,2.0,0.0,5.0,0.0,15.0,4.0,1.0,0.0,34.75,24.51,0.0
469,2022-02-22,0.0,0.0,0.0,0.0,0.0,0.0,0.0,4.0,0.0,0.0,2.0,1.0,2.0,0.0,5.0,0.0,15.0,0.0,1.0,0.0,34.75,24.51,0.0
470,2022-02-23,0.0,0.0,0.0,0.0,0.0,0.0,0.0,4.0,0.0,0.0,2.0,1.0,2.0,0.0,5.0,0.0,15.0,0.0,1.0,0.0,34.75,24.51,0.0
471,2022-02-24,0.0,0.0,0.0,0.0,0.0,0.0,0.0,4.0,0.0,0.0,2.0,1.0,2.0,0.0,5.0,0.0,18.0,3.0,1.0,0.0,34.75,24.51,0.0
472,2022-02-25,0.0,0.0,0.0,0.0,0.0,0.0,0.0,4.0,0.0,0.0,2.0,1.0,2.0,0.0,5.0,0.0,18.0,0.0,1.0,0.0,34.75,24.51,0.0
473,2022-02-26,0.0,0.0,0.0,0.0,0.0,0.0,0.0,4.0,0.0,0.0,2.0,1.0,2.0,0.0,5.0,0.0,18.0,0.0,1.0,0.0,34.75,24.51,0.0
474,2022-02-27,0.0,0.0,0.0,0.0,0.0,0.0,0.0,4.0,0.0,0.0,2.0,1.0,2.0,0.0,5.0,0.0,18.0,0.0,1.0,0.0,34.75,24.51,0.0
475,2022-02-28,0.0,0.0,0.0,0.0,0.0,0.0,0.0,4.0,0.0,0.0,2.0,1.0,2.0,0.0,5.0,0.0,18.0,0.0,1.0,0.0,35.81,26.69,0.0
476,2022-03-01,0.0,0.0,0.0,0.0,0.0,0.0,0.0,4.0,0.0,0.0,2.0,1.0,2.0,0.0,5.0,0.0,18.0,0.0,1.0,0.0,35.81,26.69,0.0
477,2022-03-02,0.0,0.0,0.0,0.0,0.0,0.0,0.0,4.0,0.0,0.0,2.0,1.0,2.0,0.0,5.0,0.0,18.0,0.0,1.0,0.0,35.81,26.69,0.0
478,2022-03-03,0.0,0.0,0.0,0.0,0.0,0.0,0.0,4.0,0.0,0.0,2.0,1.0,2.0,0.0,5.0,0.0,18.0,0.0,1.0,0.0,35.81,26.69,0.0
479,2022-03-04,0.0,0.0,0.0,0.0,0.0,0.0,0.0,4.0,0.0,0.0,2.0,1.0,2.0,0.0,5.0,0.0,18.0,0.0,1.0,0.0,35.81,26.69,0.0
480,2022-03-05,0.0,0.0,0.0,0.0,0.0,0.0,0.0,4.0,0.0,0.0,2.0,1.0,2.0,0.0,5.0,0.0,18.0,0.0,1.0,0.0,35.81,26.69,0.0
481,2022-03-06,0.0,0.0,0.0,0.0,0.0,0.0,0.0,4.0,0.0,0.0,2.0,1.0,2.0,0.0,5.0,0.0,18.0,0.0,1.0,0.0,35.81,26.69,0.0
482,2022-03-07,3.0,3.0,2.0,4.0,1.0,2.0,1.0,4.0,0.0,0.0,2.0,1.0,2.0,4.0,5.0,0.0,42.0,24.0,1.0,0.0,35.81,26.69,0.0
483,2022-03-08,3.0,3.0,2.0,4.0,1.0,2.0,1.0,4.0,0.0,0.0,2.0,1.0,2.0,4.0,5.0,0.0,52.0,10.0,1.0,0.0,35.81,26.69,0.0
484,2022-03-09,3.0,3.0,2.0,4.0,1.0,2.0,1.0,4.0,0.0,0.0,2.0,1.0,2.0,4.0,5.0,0.0,95.0,43.0,1.0,0.0,35.81,26.69,0.0
485,2022-03-10,3.0,3.0,2.0,4.0,1.0,2.0,1.0,4.0,0.0,0.0,2.0,1.0,2.0,4.0,5.0,0.0,102.0,7.0,1.0,0.0,35.81,26.69,0.0
486,2022-03-11,3.0,3.0,2.0,4.0,1.0,2.0,1.0,4.0,0.0,0.0,2.0,1.0,2.0,4.0,5.0,0.0,164.0,62.0,1.0,0.0,35.81,26.69,0.0
487,2022-03-12,3.0,3.0,2.0,4.0,1.0,2.0,1.0,4.0,0.0,0.0,2.0,1.0,2.0,4.0,5.0,0.0,207.0,43.0,1.0,0.0,35.81,26.69,0.0
488,2022-03-13,3.0,3.0,2.0,4.0,1.0,2.0,1.0,4.0,0.0,0.0,2.0,1.0,2.0,4.0,5.0,0.0,207.0,0.0,1.0,0.0,35.81,26.69,0.0
489,2022-03-14,3.0,3.0,2.0,4.0,1.0,2.0,1.0,4.0,0.0,0.0,2.0,1.0,2.0,4.0,5.0,0.0,259.0,52.0,1.0,0.0,35.81,26.69,0.0
490,2022-03-15,3.0,3.0,2.0,4.0,1.0,2.0,1.0,4.0,0.0,0.0,2.0,1.0,2.0,4.0,5.0,0.0,341.0,82.0,1.0,0.0,35.81,26.69,0.0
491,2022-03-16,3.0,3.0,2.0,4.0,1.0,2.0,1.0,4.0,0.0,0.0,2.0,1.0,2.0,4.0,5.0,0.0,386.0,45.0,1.0,0.0,35.81,26.69,0.0
492,2022-03-17,3.0,3.0,2.0,4.0,1.0,2.0,1.0,4.0,0.0,0.0,2.0,1.0,2.0,4.0,5.0,0.0,473.0,87.0,1.0,0.0,35.81,26.69,0.0
493,2022-03-18,3.0,3.0,2.0,4.0,1.0,2.0,1.0,4.0,0.0,0.0,2.0,1.0,2.0,4.0,5.0,0.0,480.0,7.0,1.0,0.0,35.81,26.69,0.0
494,2022-03-19,3.0,3.0,2.0,4.0,1.0,2.0,1.0,4.0,0.0,0.0,2.0,1.0,2.0,4.0,5.0,0.0,480.0,0.0,1.0,0.0,35.81,26.69,0.0
495,2022-03-20,3.0,3.0,2.0,4.0,1.0,2.0,1.0,4.0,0.0,0.0,2.0,1.0,2.0,4.0,5.0,0.0,753.0,273.0,1.0,0.0,35.81,26.69,0.0
496,2022-03-21,3.0,3.0,2.0,4.0,1.0,2.0,1.0,4.0,0.0,0.0,2.0,1.0,2.0,4.0,5.0,0.0,1025.0,272.0,1.0,0.0,35.81,26.69,0.0
497,2022-03-22,3.0,3.0,2.0,4.0,1.0,2.0,1.0,4.0,0.0,0.0,2.0,1.0,2.0,4.0,5.0,0.0,1117.0,92.0,1.0,0.0,35.81,26.69,0.0
498,2022-03-23,3.0,3.0,2.0,4.0,1.0,2.0,1.0,4.0,0.0,0.0,2.0,1.0,2.0,4.0,5.0,0.0,1373.0,256.0,1.0,0.0,35.81,26.69,0.0
499,2022-03-24,3.0,3.0,2.0,4.0,1.0,2.0,1.0,4.0,0.0,0.0,2.0,1.0,2.0,4.0,5.0,0.0,1704.0,331.0,1.0,0.0,35.81,26.69,0.0
500,2022-03-25,3.0,3.0,2.0,4.0,1.0,2.0,1.0,4.0,0.0,0.0,2.0,1.0,2.0,4.0,5.0,0.0,1963.0,259.0,1.0,0.0,35.81,26.69,0.0
501,2022-03-26,3.0,3.0,2.0,4.0,1.0,2.0,1.0,4.0,0.0,0.0,2.0,1.0,2.0,4.0,5.0,0.0,2204.0,241.0,1.0,0.0,35.81,26.69,0.0
502,2022-03-27,3.0,3.0,2.0,4.0,1.0,2.0,1.0,4.0,0.0,0.0,2.0,1.0,2.0,4.0,5.0,0.0,2204.0,0.0,1.0,0.0,35.81,26.69,0.0
503,2022-03-28,3.0,3.0,2.0,4.0,1.0,2.0,1.0,4.0,0.0,0.0,2.0,1.0,2.0,4.0,5.0,0.0,2633.0,429.0,1.0,0.0,35.81,26.69,0.0
504,2022-03-29,3.0,3.0,2.0,4.0,1.0,2.0,1.0,4.0,0.0,0.0,2.0,1.0,2.0,4.0,5.0,0.0,2712.0,79.0,1.0,0.0,35.81,26.69,0.0
505,2022-03-30,3.0,3.0,2.0,4.0,1.0,2.0,1.0,4.0,0.0,0.0,2.0,1.0,2.0,4.0,5.0,0.0,3128.0,416.0,2.0,1.0,35.81,26.69,0.0
506,2022-03-31,3.0,3.0,2.0,4.0,1.0,2.0,1.0,4.0,0.0,0.0,2.0,1.0,2.0,4.0,5.0,0.0,3379.0,251.0,2.0,0.0,35.81,26.69,0.0
507,2022-04-01,3.0,3.0,2.0,4.0,1.0,2.0,1.0,4.0,0.0,0.0,2.0,1.0,2.0,4.0,5.0,0.0,3710.0,331.0,2.0,0.0,35.81,26.69,0.0
508,2022-04-02,3.0,3.0,2.0,4.0,1.0,2.0,1.0,4.0,0.0,0.0,2.0,1.0,2.0,4.0,5.0,0.0,3881.0,171.0,2.0,0.0,35.81,26.69,0.0
509,2022-04-03,3.0,3.0,2.0,4.0,1.0,2.0,1.0,4.0,0.0,0.0,2.0,1.0,2.0,4.0,5.0,0.0,4237.0,356.0,2.0,0.0,35.81,26.69,0.0
510,2022-04-04,3.0,3.0,2.0,4.0,1.0,2.0,1.0,4.0,0.0,0.0,2.0,1.0,2.0,4.0,5.0,0.0,4431.0,194.0,2.0,0.0,35.81,26.69,0.11
511,2022-04-05,3.0,3.0,2.0,4.0,1.0,2.0,1.0,4.0,0.0,0.0,2.0,1.0,2.0,4.0,5.0,0.0,4438.0,7.0,2.0,0.0,35.81,26.69,0.11
512,2022-04-06,3.0,3.0,2.0,4.0,1.0,2.0,1.0,4.0,0.0,0.0,2.0,1.0,2.0,4.0,5.0,0.0,4713.0,275.0,3.0,1.0,35.81,26.69,0.11
513,2022-04-07,3.0,3.0,2.0,4.0,1.0,2.0,1.0,4.0,0.0,0.0,2.0,1.0,2.0,4.0,5.0,0.0,4915.0,202.0,3.0,0.0,35.81,26.69,0.11
514,2022-04-08,3.0,3.0,2.0,4.0,1.0,2.0,1.0,4.0,1.0,0.0,2.0,1.0,2.0,4.0,5.0,0.0,4922.0,7.0,3.0,0.0,35.81,26.69,0.11
515,2022-04-09,3.0,3.0,2.0,4.0,1.0,2.0,1.0,4.0,0.0,0.0,2.0,1.0,2.0,4.0,5.0,0.0,5125.0,203.0,4.0,1.0,35.81,26.69,0.11
516,2022-04-10,3.0,3.0,2.0,4.0,1.0,2.0,1.0,4.0,0.0,0.0,2.0,1.0,2.0,4.0,5.0,0.0,5480.0,355.0,4.0,0.0,35.81,26.69,0.11
517,2022-04-11,3.0,3.0,2.0,4.0,1.0,2.0,1.0,4.0,0.0,0.0,2.0,1.0,2.0,4.0,5.0,0.0,5487.0,7.0,4.0,0.0,41.66,37.02,3.32
518,2022-04-12,3.0,3.0,2.0,4.0,1.0,2.0,1.0,4.0,0.0,0.0,2.0,1.0,2.0,4.0,5.0,0.0,5536.0,49.0,6.0,2.0,41.66,37.02,3.32
519,2022-04-13,3.0,3.0,2.0,4.0,1.0,2.0,1.0,4.0,0.0,0.0,2.0,1.0,2.0,4.0,5.0,0.0,5543.0,7.0,6.0,0.0,41.66,37.02,3.32
520,2022-04-14,3.0,3.0,2.0,4.0,1.0,2.0,1.0,4.0,0.0,0.0,2.0,1.0,2.0,4.0,5.0,0.0,5543.0,0.0,7.0,1.0,41.66,37.02,3.32
521,2022-04-15,3.0,3.0,2.0,4.0,1.0,2.0,1.0,4.0,0.0,0.0,2.0,1.0,2.0,4.0,5.0,0.0,6109.0,566.0,7.0,0.0,41.66,37.02,3.32
522,2022-04-16,3.0,3.0,2.0,4.0,1.0,2.0,1.0,4.0,0.0,0.0,2.0,1.0,2.0,4.0,5.0,0.0,6314.0,205.0,7.0,0.0,41.66,37.02,3.32
523,2022-04-17,3.0,3.0,2.0,4.0,1.0,2.0,1.0,4.0,0.0,0.0,2.0,1.0,2.0,4.0,5.0,0.0,6332.0,18.0,7.0,0.0,41.66,37.02,3.32
524,2022-04-18,3.0,3.0,2.0,4.0,1.0,2.0,1.0,4.0,0.0,0.0,2.0,1.0,2.0,4.0,5.0,0.0,6386.0,54.0,7.0,0.0,41.66,37.02,3.32
525,2022-04-19,3.0,3.0,2.0,4.0,1.0,2.0,1.0,4.0,0.0,0.0,2.0,1.0,2.0,4.0,5.0,0.0,6401.0,15.0,7.0,0.0,41.66,37.02,3.32
526,2022-04-20,3.0,3.0,2.0,4.0,1.0,2.0,1.0,4.0,0.0,0.0,2.0,1.0,2.0,4.0,5.0,0.0,6458.0,57.0,7.0,0.0,41.66,37.02,3.32
527,2022-04-21,3.0,3.0,2.0,4.0,1.0,2.0,1.0,4.0,0.0,0.0,2.0,1.0,2.0,4.0,5.0,0.0,6465.0,7.0,7.0,0.0,41.66,37.02,3.32
528,2022-04-22,3.0,3.0,2.0,4.0,1.0,2.0,1.0,4.0,0.0,0.0,2.0,1.0,2.0,4.0,5.0,0.0,6537.0,72.0,12.0,5.0,41.66,37.02,3.32
529,2022-04-23,3.0,3.0,2.0,4.0,1.0,2.0,1.0,4.0,0.0,0.0,2.0,1.0,2.0,4.0,5.0,0.0,6793.0,256.0,12.0,0.0,41.66,37.02,3.32
530,2022-04-24,3.0,3.0,2.0,4.0,1.0,2.0,1.0,4.0,0.0,0.0,2.0,1.0,2.0,4.0,5.0,0.0,6840.0,47.0,12.0,0.0,41.66,37.02,3.32
531,2022-04-25,3.0,3.0,2.0,4.0,1.0,2.0,1.0,4.0,0.0,0.0,2.0,1.0,2.0,4.0,5.0,0.0,6860.0,20.0,13.0,1.0,41.66,37.02,3.32
532,2022-04-26,3.0,3.0,2.0,4.0,1.0,2.0,1.0,4.0,0.0,0.0,2.0,1.0,2.0,4.0,5.0,0.0,6952.0,92.0,13.0,0.0,41.66,37.02,3.32
533,2022-04-27,3.0,3.0,2.0,4.0,1.0,2.0,1.0,4.0,0.0,0.0,2.0,1.0,2.0,4.0,5.0,0.0,7054.0,102.0,13.0,0.0,41.66,37.02,3.32
534,2022-04-28,3.0,3.0,2.0,4.0,1.0,2.0,1.0,4.0,0.0,0.0,2.0,1.0,2.0,4.0,5.0,0.0,7151.0,97.0,13.0,0.0,41.66,37.02,3.32
535,2022-04-29,3.0,3.0,2.0,4.0,1.0,2.0,1.0,4.0,0.0,0.0,2.0,1.0,2.0,4.0,5.0,0.0,7330.0,179.0,13.0,0.0,41.66,37.02,3.32
536,2022-04-30,3.0,3.0,2.0,4.0,1.0,2.0,1.0,4.0,0.0,0.0,2.0,1.0,2.0,4.0,5.0,0.0,7330.0,0.0,13.0,0.0,41.66,37.02,3.32
537,2022-05-01,3.0,3.0,2.0,4.0,1.0,2.0,1.0,4.0,0.0,0.0,2.0,1.0,2.0,4.0,5.0,0.0,7507.0,177.0,13.0,0.0,41.66,37.02,3.32
538,2022-05-02,3.0,3.0,2.0,4.0,1.0,2.0,1.0,4.0,0.0,0.0,2.0,1.0,2.0,4.0,5.0,0.0,7514.0,7.0,13.0,0.0,43.71,39.67,3.32
539,2022-05-03,3.0,3.0,2.0,4.0,2.0,2.0,1.0,4.0,0.0,0.0,2.0,2.0,2.0,4.0,5.0,0.0,7533.0,19.0,13.0,0.0,43.71,39.67,3.32
540,2022-05-04,3.0,3.0,2.0,4.0,2.0,2.0,1.0,4.0,0.0,0.0,2.0,2.0,2.0,4.0,5.0,0.0,7622.0,89.0,14.0,1.0,43.71,39.67,3.32
541,2022-05-05,3.0,3.0,2.0,4.0,2.0,2.0,1.0,4.0,0.0,0.0,2.0,2.0,2.0,4.0,5.0,0.0,7699.0,77.0,14.0,0.0,43.71,39.67,3.32
542,2022-05-06,3.0,3.0,2.0,4.0,2.0,2.0,1.0,4.0,0.0,0.0,2.0,2.0,2.0,4.0,5.0,0.0,7734.0,35.0,14.0,0.0,43.71,39.67,3.32
543,2022-05-07,3.0,3.0,2.0,4.0,2.0,2.0,1.0,4.0,0.0,0.0,2.0,2.0,2.0,4.0,5.0,0.0,7734.0,0.0,14.0,0.0,43.71,39.67,3.32
544,2022-05-08,3.0,3.0,2.0,4.0,2.0,2.0,1.0,4.0,0.0,0.0,2.0,2.0,2.0,4.0,5.0,0.0,7785.0,51.0,14.0,0.0,43.71,39.67,3.32
545,2022-05-09,3.0,3.0,2.0,4.0,2.0,2.0,1.0,4.0,0.0,0.0,2.0,2.0,2.0,4.0,5.0,0.0,8056.0,271.0,14.0,0.0,43.71,39.67,3.32
546,2022-05-10,3.0,3.0,2.0,4.0,2.0,2.0,1.0,4.0,0.0,0.0,2.0,2.0,2.0,4.0,5.0,0.0,8063.0,7.0,14.0,0.0,43.71,39.67,3.32
547,2022-05-11,3.0,3.0,2.0,4.0,2.0,2.0,1.0,4.0,0.0,0.0,2.0,2.0,2.0,4.0,5.0,0.0,8117.0,54.0,14.0,0.0,43.71,39.67,3.32
548,2022-05-12,3.0,3.0,2.0,4.0,2.0,2.0,1.0,4.0,0.0,0.0,2.0,2.0,2.0,4.0,5.0,0.0,8194.0,77.0,14.0,0.0,43.71,39.67,3.32
549,2022-05-13,3.0,3.0,2.0,4.0,2.0,2.0,1.0,4.0,0.0,0.0,2.0,2.0,2.0,4.0,5.0,0.0,8289.0,95.0,14.0,0.0,43.71,39.67,3.32
550,2022-05-14,3.0,3.0,2.0,4.0,2.0,2.0,1.0,4.0,0.0,0.0,2.0,2.0,2.0,4.0,5.0,0.0,8383.0,94.0,14.0,0.0,43.71,39.67,3.32
551,2022-05-15,3.0,3.0,2.0,4.0,2.0,2.0,1.0,4.0,0.0,0.0,2.0,2.0,2.0,4.0,5.0,0.0,8457.0,74.0,14.0,0.0,43.71,39.67,3.32
552,2022-05-16,3.0,3.0,2.0,4.0,2.0,2.0,1.0,4.0,0.0,0.0,2.0,2.0,2.0,4.0,5.0,0.0,8464.0,7.0,14.0,0.0,43.71,39.67,3.32
553,2022-05-17,3.0,3.0,2.0,4.0,2.0,2.0,1.0,4.0,0.0,0.0,2.0,2.0,2.0,4.0,5.0,0.0,8487.0,23.0,14.0,0.0,43.71,39.67,3.32
554,2022-05-18,3.0,3.0,2.0,4.0,2.0,2.0,1.0,4.0,0.0,0.0,2.0,2.0,2.0,4.0,5.0,0.0,8651.0,164.0,14.0,0.0,43.71,39.67,3.32
555,2022-05-19,3.0,3.0,2.0,4.0,2.0,2.0,1.0,4.0,0.0,0.0,2.0,2.0,2.0,4.0,5.0,0.0,8659.0,8.0,14.0,0.0,43.71,39.67,3.32
556,2022-05-20,3.0,3.0,2.0,4.0,2.0,2.0,1.0,4.0,0.0,0.0,2.0,2.0,2.0,4.0,5.0,0.0,8666.0,7.0,14.0,0.0,43.71,39.67,3.32
557,2022-05-21,3.0,3.0,2.0,4.0,2.0,2.0,1.0,4.0,0.0,0.0,2.0,2.0,2.0,4.0,5.0,0.0,8666.0,0.0,14.0,0.0,43.71,39.67,3.32
558,2022-05-22,3.0,3.0,2.0,4.0,2.0,2.0,1.0,4.0,0.0,0.0,2.0,2.0,2.0,4.0,5.0,0.0,8666.0,0.0,14.0,0.0,43.71,39.67,3.32
559,2022-05-23,3.0,3.0,2.0,4.0,2.0,2.0,1.0,4.0,0.0,0.0,2.0,2.0,2.0,4.0,5.0,0.0,8682.0,16.0,14.0,0.0,44.25,40.48,3.32
560,2022-05-24,3.0,3.0,2.0,4.0,2.0,2.0,1.0,4.0,0.0,0.0,2.0,2.0,2.0,4.0,5.0,0.0,8735.0,53.0,14.0,0.0,44.25,40.48,3.32
561,2022-05-25,3.0,3.0,2.0,4.0,2.0,2.0,1.0,4.0,0.0,0.0,2.0,2.0,2.0,4.0,5.0,0.0,8807.0,72.0,14.0,0.0,44.25,40.48,3.32
562,2022-05-26,3.0,3.0,2.0,4.0,2.0,2.0,1.0,4.0,0.0,0.0,2.0,2.0,2.0,4.0,5.0,0.0,8858.0,51.0,14.0,0.0,44.25,40.48,3.32
563,2022-05-27,3.0,3.0,2.0,4.0,2.0,2.0,1.0,4.0,0.0,0.0,2.0,2.0,2.0,4.0,5.0,0.0,8905.0,47.0,14.0,0.0,44.25,40.48,3.32
564,2022-05-28,3.0,3.0,2.0,4.0,2.0,2.0,1.0,4.0,0.0,0.0,2.0,2.0,2.0,4.0,5.0,0.0,8924.0,19.0,14.0,0.0,44.25,40.48,3.32
565,2022-05-29,3.0,3.0,2.0,4.0,2.0,2.0,1.0,4.0,0.0,0.0,2.0,2.0,2.0,4.0,5.0,0.0,9005.0,81.0,14.0,0.0,44.25,40.48,3.32
566,2022-05-30,3.0,3.0,2.0,4.0,2.0,2.0,1.0,4.0,0.0,0.0,2.0,2.0,2.0,4.0,5.0,0.0,9043.0,38.0,14.0,0.0,44.25,40.48,3.32
567,2022-05-31,3.0,3.0,2.0,4.0,2.0,2.0,1.0,4.0,0.0,0.0,2.0,2.0,2.0,4.0,5.0,0.0,9088.0,45.0,14.0,0.0,44.25,40.48,3.32
568,2022-06-01,3.0,3.0,2.0,4.0,2.0,1.0,1.0,4.0,0.0,0.0,2.0,2.0,2.0,4.0,5.0,0.0,9223.0,135.0,14.0,0.0,44.25,40.48,3.32
569,2022-06-02,3.0,3.0,2.0,4.0,2.0,1.0,1.0,4.0,0.0,0.0,2.0,2.0,2.0,4.0,5.0,0.0,9438.0,215.0,14.0,0.0,44.25,40.48,3.32
570,2022-06-03,3.0,3.0,2.0,4.0,2.0,1.0,1.0,4.0,0.0,0.0,2.0,2.0,2.0,4.0,5.0,0.0,9445.0,7.0,14.0,0.0,44.25,40.48,3.32
571,2022-06-04,3.0,3.0,2.0,4.0,2.0,1.0,1.0,4.0,0.0,0.0,2.0,2.0,2.0,4.0,5.0,0.0,9445.0,0.0,14.0,0.0,44.25,40.48,3.32
572,2022-06-05,3.0,3.0,2.0,4.0,2.0,1.0,1.0,4.0,0.0,0.0,2.0,2.0,2.0,4.0,5.0,0.0,9445.0,0.0,14.0,0.0,44.25,40.48,3.32
573,2022-06-06,3.0,3.0,2.0,4.0,2.0,1.0,1.0,4.0,0.0,0.0,2.0,2.0,2.0,4.0,5.0,0.0,10061.0,616.0,14.0,0.0,44.25,40.48,3.32
574,2022-06-07,3.0,3.0,2.0,4.0,2.0,1.0,1.0,4.0,0.0,0.0,2.0,2.0,2.0,4.0,5.0,0.0,10239.0,178.0,14.0,0.0,44.25,40.48,3.32
575,2022-06-08,3.0,3.0,2.0,4.0,2.0,1.0,1.0,4.0,0.0,0.0,2.0,2.0,2.0,4.0,5.0,0.0,10338.0,99.0,14.0,0.0,44.25,40.48,3.32
576,2022-06-09,3.0,3.0,2.0,4.0,2.0,1.0,1.0,4.0,0.0,0.0,2.0,2.0,2.0,4.0,5.0,0.0,10390.0,52.0,14.0,0.0,44.25,40.48,3.32
577,2022-06-10,3.0,3.0,2.0,4.0,2.0,1.0,1.0,4.0,0.0,0.0,2.0,2.0,2.0,4.0,5.0,0.0,10390.0,0.0,14.0,0.0,44.25,40.48,3.32
578,2022-06-11,3.0,3.0,2.0,4.0,2.0,1.0,1.0,4.0,0.0,0.0,2.0,2.0,2.0,4.0,5.0,0.0,10390.0,0.0,14.0,0.0,44.25,40.48,3.32
579,2022-06-12,3.0,3.0,2.0,4.0,2.0,1.0,1.0,4.0,0.0,0.0,2.0,2.0,2.0,4.0,5.0,0.0,10497.0,107.0,14.0,0.0,44.25,40.48,3.32
580,2022-06-13,3.0,3.0,2.0,4.0,2.0,1.0,1.0,4.0,0.0,0.0,2.0,2.0,2.0,4.0,5.0,0.0,10575.0,78.0,14.0,0.0,44.25,40.48,3.32
581,2022-06-14,3.0,3.0,2.0,4.0,2.0,1.0,1.0,4.0,0.0,0.0,2.0,2.0,2.0,4.0,5.0,0.0,10695.0,120.0,14.0,0.0,44.25,40.48,3.32
582,2022-06-15,3.0,3.0,2.0,4.0,1.0,1.0,1.0,4.0,0.0,0.0,2.0,2.0,2.0,4.0,5.0,0.0,10757.0,62.0,14.0,0.0,44.25,40.48,3.32
583,2022-06-16,0.0,0.0,0.0,0.0,0.0,0.0,0.0,1.0,0.0,0.0,2.0,1.0,1.0,2.0,5.0,0.0,10791.0,34.0,14.0,0.0,44.25,40.48,3.32
584,2022-06-17,0.0,0.0,0.0,0.0,0.0,0.0,0.0,1.0,0.0,0.0,2.0,1.0,1.0,2.0,5.0,0.0,10856.0,65.0,14.0,0.0,44.25,40.48,3.32
585,2022-06-18,0.0,0.0,0.0,0.0,0.0,0.0,0.0,1.0,0.0,0.0,2.0,1.0,1.0,2.0,5.0,0.0,10857.0,1.0,14.0,0.0,44.25,40.48,3.32
586,2022-06-19,0.0,0.0,0.0,0.0,0.0,0.0,0.0,1.0,0.0,0.0,2.0,1.0,1.0,2.0,5.0,0.0,10924.0,67.0,14.0,0.0,44.25,40.48,3.32
587,2022-06-20,0.0,0.0,0.0,0.0,0.0,0.0,0.0,1.0,0.0,0.0,2.0,1.0,1.0,2.0,5.0,0.0,10924.0,0.0,14.0,0.0,44.25,40.48,3.32
588,2022-06-21,0.0,0.0,0.0,0.0,0.0,0.0,0.0,1.0,0.0,0.0,2.0,1.0,1.0,2.0,5.0,0.0,10989.0,65.0,14.0,0.0,44.25,40.48,3.32
589,2022-06-22,0.0,0.0,0.0,0.0,0.0,0.0,0.0,1.0,0.0,0.0,2.0,1.0,1.0,2.0,5.0,0.0,11026.0,37.0,14.0,0.0,44.25,40.48,3.32
590,2022-06-23,0.0,0.0,0.0,0.0,0.0,0.0,0.0,1.0,0.0,0.0,2.0,1.0,1.0,2.0,5.0,0.0,11033.0,7.0,14.0,0.0,44.25,40.48,3.32
591,2022-06-24,0.0,0.0,0.0,0.0,0.0,0.0,0.0,1.0,0.0,0.0,2.0,1.0,1.0,2.0,5.0,0.0,11044.0,11.0,14.0,0.0,44.25,40.48,3.32
592,2022-06-25,0.0,0.0,0.0,0.0,0.0,0.0,0.0,1.0,0.0,0.0,2.0,1.0,1.0,2.0,5.0,0.0,11044.0,0.0,14.0,0.0,44.25,40.48,3.32
593,2022-06-26,0.0,0.0,0.0,0.0,0.0,0.0,0.0,1.0,0.0,0.0,2.0,1.0,1.0,2.0,5.0,0.0,11173.0,129.0,14.0,0.0,44.25,40.48,3.32
594,2022-06-27,0.0,0.0,0.0,0.0,0.0,0.0,0.0,1.0,0.0,0.0,2.0,1.0,1.0,2.0,5.0,0.0,11174.0,1.0,14.0,0.0,44.25,40.48,3.32
595,2022-06-28,0.0,0.0,0.0,0.0,0.0,0.0,0.0,1.0,0.0,0.0,2.0,1.0,1.0,2.0,5.0,0.0,11206.0,32.0,14.0,0.0,44.25,40.48,3.32
596,2022-06-29,0.0,0.0,0.0,0.0,0.0,0.0,0.0,1.0,0.0,0.0,2.0,1.0,1.0,2.0,5.0,0.0,11266.0,60.0,14.0,0.0,44.25,40.48,3.32
597,2022-06-30,0.0,0.0,0.0,0.0,0.0,0.0,0.0,1.0,0.0,0.0,2.0,1.0,1.0,2.0,5.0,0.0,11266.0,0.0,14.0,0.0,44.25,40.48,3.32
598,2022-07-01,0.0,0.0,0.0,0.0,0.0,0.0,0.0,1.0,0.0,0.0,2.0,1.0,1.0,2.0,5.0,0.0,11273.0,7.0,14.0,0.0,44.25,40.48,3.32
599,2022-07-02,0.0,0.0,0.0,0.0,0.0,0.0,0.0,1.0,0.0,0.0,2.0,1.0,1.0,2.0,5.0,0.0,11273.0,0.0,14.0,0.0,44.25,40.48,3.32
600,2022-07-03,0.0,0.0,0.0,0.0,0.0,0.0,0.0,1.0,0.0,0.0,2.0,1.0,1.0,2.0,5.0,0.0,11353.0,80.0,14.0,0.0,44.25,40.48,3.32
601,2022-07-04,0.0,0.0,0.0,0.0,0.0,0.0,0.0,1.0,0.0,0.0,2.0,1.0,1.0,2.0,5.0,0.0,11389.0,36.0,14.0,0.0,44.25,40.48,3.32
602,2022-07-05,0.0,0.0,0.0,0.0,0.0,0.0,0.0,1.0,0.0,0.0,2.0,1.0,1.0,2.0,5.0,0.0,11447.0,58.0,14.0,0.0,44.25,40.48,3.32
603,2022-07-06,0.0,0.0,0.0,0.0,0.0,0.0,0.0,1.0,0.0,0.0,2.0,1.0,1.0,2.0,5.0,0.0,11470.0,23.0,14.0,0.0,44.25,40.48,3.32
604,2022-07-07,0.0,0.0,0.0,0.0,0.0,0.0,0.0,1.0,0.0,0.0,2.0,1.0,1.0,2.0,5.0,0.0,11569.0,99.0,14.0,0.0,44.25,40.48,3.32
605,2022-07-08,0.0,0.0,0.0,0.0,0.0,0.0,0.0,1.0,0.0,0.0,2.0,1.0,1.0,2.0,5.0,0.0,11569.0,0.0,14.0,0.0,44.25,40.48,3.32
606,2022-07-09,0.0,0.0,0.0,0.0,0.0,0.0,0.0,1.0,0.0,0.0,2.0,1.0,1.0,2.0,5.0,0.0,11617.0,48.0,14.0,0.0,44.25,40.48,3.32
607,2022-07-10,0.0,0.0,0.0,0.0,0.0,0.0,0.0,1.0,0.0,0.0,2.0,1.0,1.0,2.0,5.0,0.0,11617.0,0.0,14.0,0.0,44.25,40.48,3.32
608,2022-07-11,0.0,0.0,0.0,0.0,0.0,0.0,0.0,1.0,0.0,0.0,2.0,1.0,1.0,2.0,5.0,0.0,11642.0,25.0,14.0,0.0,44.25,40.48,3.32
609,2022-07-12,0.0,0.0,0.0,0.0,0.0,0.0,0.0,1.0,0.0,0.0,2.0,1.0,1.0,2.0,5.0,0.0,11690.0,48.0,14.0,0.0,44.25,40.48,3.32
610,2022-07-13,0.0,0.0,0.0,0.0,0.0,0.0,0.0,1.0,0.0,0.0,2.0,1.0,1.0,2.0,5.0,0.0,11697.0,7.0,14.0,0.0,44.25,40.48,3.32
611,2022-07-14,0.0,0.0,0.0,0.0,0.0,0.0,0.0,1.0,0.0,0.0,2.0,1.0,1.0,2.0,5.0,0.0,11700.0,3.0,14.0,0.0,44.25,40.48,3.32
612,2022-07-15,0.0,0.0,0.0,0.0,0.0,0.0,0.0,1.0,0.0,0.0,2.0,1.0,1.0,2.0,5.0,0.0,11722.0,22.0,14.0,0.0,44.25,40.48,3.32
613,2022-07-16,0.0,0.0,0.0,0.0,0.0,0.0,0.0,1.0,0.0,0.0,2.0,1.0,1.0,2.0,5.0,0.0,11722.0,0.0,14.0,0.0,44.25,40.48,3.32
614,2022-07-17,0.0,0.0,0.0,0.0,0.0,0.0,0.0,1.0,0.0,0.0,2.0,1.0,1.0,2.0,5.0,0.0,11722.0,0.0,14.0,0.0,44.25,40.48,3.32
615,2022-07-18,0.0,0.0,0.0,0.0,0.0,0.0,0.0,1.0,0.0,0.0,2.0,1.0,1.0,2.0,5.0,0.0,11730.0,8.0,14.0,0.0,44.25,40.48,3.32
616,2022-07-19,0.0,0.0,0.0,0.0,0.0,0.0,0.0,1.0,0.0,0.0,2.0,1.0,1.0,2.0,5.0,0.0,11730.0,0.0,14.0,0.0,44.25,40.48,3.32
617,2022-07-20,0.0,0.0,0.0,0.0,0.0,0.0,0.0,1.0,0.0,0.0,2.0,1.0,1.0,2.0,5.0,0.0,11730.0,0.0,14.0,0.0,44.25,40.48,3.32
618,2022-07-21,0.0,0.0,0.0,0.0,0.0,0.0,0.0,1.0,0.0,0.0,2.0,1.0,1.0,2.0,5.0,0.0,11730.0,0.0,14.0,0.0,44.25,40.48,3.32
619,2022-07-22,0.0,0.0,0.0,0.0,0.0,0.0,0.0,1.0,0.0,0.0,2.0,1.0,1.0,2.0,5.0,0.0,11723.0,0.0,14.0,0.0,44.25,40.48,3.32
620,2022-07-23,0.0,0.0,0.0,0.0,0.0,0.0,0.0,1.0,0.0,0.0,2.0,1.0,1.0,2.0,5.0,0.0,11723.0,0.0,14.0,0.0,44.25,40.48,3.32
621,2022-07-24,0.0,0.0,0.0,0.0,0.0,0.0,0.0,1.0,0.0,0.0,2.0,1.0,1.0,2.0,5.0,0.0,11723.0,0.0,14.0,0.0,44.25,40.48,3.32
622,2022-07-25,0.0,0.0,0.0,0.0,0.0,0.0,0.0,1.0,0.0,0.0,2.0,1.0,1.0,2.0,5.0,0.0,11723.0,0.0,14.0,0.0,44.25,40.93,3.32
623,2022-07-26,0.0,0.0,0.0,0.0,0.0,0.0,0.0,1.0,0.0,0.0,2.0,1.0,1.0,2.0,5.0,0.0,11723.0,0.0,14.0,0.0,44.25,40.93,3.32
624,2022-07-27,0.0,0.0,0.0,0.0,0.0,0.0,0.0,1.0,0.0,0.0,2.0,1.0,1.0,2.0,5.0,0.0,11723.0,0.0,14.0,0.0,44.25,40.93,3.32
625,2022-07-28,0.0,0.0,0.0,0.0,0.0,0.0,0.0,1.0,0.0,0.0,2.0,1.0,1.0,2.0,5.0,0.0,11730.0,7.0,14.0,0.0,44.25,40.93,3.32
626,2022-07-29,0.0,0.0,0.0,0.0,0.0,0.0,0.0,1.0,0.0,0.0,2.0,1.0,1.0,2.0,5.0,0.0,11724.0,0.0,14.0,0.0,44.25,40.93,3.32
627,2022-07-30,0.0,0.0,0.0,0.0,0.0,0.0,0.0,1.0,0.0,0.0,2.0,1.0,1.0,2.0,5.0,0.0,11724.0,0.0,14.0,0.0,44.25,40.93,3.32
628,2022-07-31,0.0,0.0,0.0,0.0,0.0,0.0,0.0,1.0,0.0,0.0,2.0,1.0,1.0,2.0,5.0,0.0,11724.0,0.0,14.0,0.0,44.25,40.93,3.32
629,2022-08-01,0.0,0.0,0.0,0.0,0.0,0.0,0.0,1.0,0.0,0.0,2.0,1.0,1.0,2.0,5.0,0.0,11724.0,0.0,14.0,0.0,44.25,40.93,3.32
630,2022-08-02,0.0,0.0,0.0,0.0,0.0,0.0,0.0,1.0,0.0,0.0,2.0,1.0,1.0,2.0,5.0,0.0,11730.0,6.0,14.0,0.0,44.25,40.93,3.32
631,2022-08-03,0.0,0.0,0.0,0.0,0.0,0.0,0.0,1.0,0.0,0.0,2.0,1.0,1.0,2.0,5.0,0.0,11730.0,0.0,14.0,0.0,44.25,40.93,3.32
632,2022-08-04,0.0,0.0,0.0,0.0,0.0,0.0,0.0,1.0,0.0,0.0,2.0,1.0,1.0,2.0,5.0,0.0,11730.0,0.0,14.0,0.0,44.25,40.93,3.32
633,2022-08-05,0.0,0.0,0.0,0.0,0.0,0.0,0.0,1.0,0.0,0.0,2.0,1.0,1.0,2.0,5.0,0.0,11731.0,1.0,14.0,0.0,44.25,40.93,3.32
634,2022-08-06,0.0,0.0,0.0,0.0,0.0,0.0,0.0,1.0,0.0,0.0,2.0,1.0,1.0,2.0,5.0,0.0,11731.0,0.0,14.0,0.0,44.25,40.93,3.32
635,2022-08-07,0.0,0.0,0.0,0.0,0.0,0.0,0.0,1.0,0.0,0.0,2.0,1.0,1.0,2.0,5.0,0.0,11731.0,0.0,14.0,0.0,44.25,40.93,3.32
636,2022-08-08,0.0,0.0,0.0,0.0,0.0,0.0,0.0,1.0,0.0,0.0,2.0,1.0,1.0,2.0,5.0,0.0,11731.0,0.0,14.0,0.0,44.25,40.93,5.0
637,2022-08-09,0.0,0.0,0.0,0.0,0.0,0.0,0.0,1.0,0.0,0.0,2.0,1.0,1.0,2.0,5.0,0.0,11731.0,0.0,14.0,0.0,44.25,40.93,5.0
638,2022-08-10,0.0,0.0,0.0,0.0,0.0,0.0,0.0,1.0,0.0,0.0,2.0,1.0,1.0,2.0,5.0,0.0,11731.0,0.0,14.0,0.0,44.25,40.93,5.0
639,2022-08-11,0.0,0.0,0.0,0.0,0.0,0.0,0.0,1.0,0.0,0.0,2.0,1.0,1.0,2.0,5.0,0.0,11731.0,0.0,14.0,0.0,44.25,40.93,5.0
640,2022-08-12,0.0,0.0,0.0,0.0,0.0,0.0,0.0,1.0,0.0,0.0,2.0,1.0,1.0,2.0,5.0,0.0,11734.0,3.0,14.0,0.0,44.25,40.93,5.0
641,2022-08-13,0.0,0.0,0.0,0.0,0.0,0.0,0.0,1.0,0.0,0.0,2.0,1.0,1.0,2.0,5.0,0.0,11746.0,12.0,14.0,0.0,44.25,40.93,5.0
642,2022-08-14,0.0,0.0,0.0,0.0,0.0,0.0,0.0,1.0,0.0,0.0,2.0,1.0,1.0,2.0,5.0,0.0,11746.0,0.0,14.0,0.0,44.25,40.93,5.0
643,2022-08-15,0.0,0.0,0.0,0.0,0.0,0.0,0.0,1.0,0.0,0.0,2.0,1.0,1.0,2.0,5.0,0.0,11753.0,7.0,14.0,0.0,44.25,40.93,5.0
644,2022-08-16,0.0,0.0,0.0,0.0,0.0,0.0,0.0,1.0,0.0,0.0,2.0,1.0,1.0,2.0,5.0,0.0,11753.0,0.0,14.0,0.0,44.25,40.93,5.0
645,2022-08-17,0.0,0.0,0.0,0.0,0.0,0.0,0.0,1.0,0.0,0.0,2.0,1.0,1.0,2.0,5.0,0.0,11753.0,0.0,14.0,0.0,44.25,40.93,5.0
646,2022-08-18,0.0,0.0,0.0,0.0,0.0,0.0,0.0,1.0,0.0,0.0,2.0,1.0,1.0,2.0,5.0,0.0,11753.0,0.0,14.0,0.0,44.25,40.93,5.0
647,2022-08-19,0.0,0.0,0.0,0.0,0.0,0.0,0.0,1.0,0.0,0.0,2.0,1.0,1.0,2.0,5.0,0.0,11770.0,17.0,14.0,0.0,44.25,40.93,5.0
648,2022-08-20,0.0,0.0,0.0,0.0,0.0,0.0,0.0,1.0,0.0,0.0,2.0,1.0,1.0,2.0,5.0,0.0,11770.0,0.0,14.0,0.0,44.25,40.93,5.0
649,2022-08-21,0.0,0.0,0.0,0.0,0.0,0.0,0.0,1.0,0.0,0.0,2.0,1.0,1.0,2.0,5.0,0.0,11770.0,0.0,14.0,0.0,44.25,40.93,5.0
650,2022-08-22,0.0,0.0,0.0,0.0,0.0,0.0,0.0,1.0,0.0,0.0,2.0,1.0,1.0,2.0,5.0,0.0,11770.0,0.0,14.0,0.0,44.25,40.93,5.0
651,2022-08-23,0.0,0.0,0.0,0.0,0.0,0.0,0.0,1.0,0.0,0.0,2.0,1.0,1.0,2.0,5.0,0.0,11770.0,0.0,14.0,0.0,44.25,40.93,5.0
652,2022-08-24,0.0,0.0,0.0,0.0,0.0,0.0,0.0,1.0,0.0,0.0,2.0,1.0,1.0,2.0,5.0,0.0,11777.0,7.0,14.0,0.0,44.25,40.93,5.0
653,2022-08-25,0.0,0.0,0.0,0.0,0.0,0.0,0.0,1.0,0.0,0.0,2.0,1.0,1.0,2.0,5.0,0.0,11777.0,0.0,14.0,0.0,44.25,40.93,5.0
654,2022-08-26,0.0,0.0,0.0,0.0,0.0,0.0,0.0,1.0,0.0,0.0,2.0,1.0,1.0,2.0,5.0,0.0,11784.0,7.0,14.0,0.0,44.25,40.93,5.0
655,2022-08-27,0.0,0.0,0.0,0.0,0.0,0.0,0.0,1.0,0.0,0.0,2.0,1.0,1.0,2.0,5.0,0.0,11784.0,0.0,14.0,0.0,44.25,40.93,5.0
656,2022-08-28,0.0,0.0,0.0,0.0,0.0,0.0,0.0,1.0,0.0,0.0,2.0,1.0,1.0,2.0,5.0,0.0,11784.0,0.0,14.0,0.0,44.25,40.93,5.0
657,2022-08-29,0.0,0.0,0.0,0.0,0.0,0.0,0.0,1.0,0.0,0.0,2.0,1.0,1.0,2.0,5.0,0.0,11793.0,9.0,14.0,0.0,44.25,40.93,5.0
658,2022-08-30,0.0,0.0,0.0,0.0,0.0,0.0,0.0,1.0,0.0,0.0,2.0,1.0,1.0,2.0,5.0,0.0,11793.0,0.0,14.0,0.0,44.25,40.93,5.0
659,2022-08-31,0.0,0.0,0.0,0.0,0.0,0.0,0.0,1.0,0.0,0.0,2.0,1.0,1.0,2.0,5.0,0.0,11815.0,22.0,14.0,0.0,44.25,40.93,5.0
660,2022-09-01,0.0,0.0,0.0,0.0,0.0,0.0,0.0,1.0,0.0,0.0,2.0,1.0,1.0,2.0,5.0,0.0,11825.0,10.0,14.0,0.0,44.25,40.93,5.0
661,2022-09-02,0.0,0.0,0.0,0.0,0.0,0.0,0.0,1.0,0.0,0.0,2.0,1.0,1.0,2.0,5.0,0.0,11836.0,11.0,14.0,0.0,44.25,40.93,5.0
662,2022-09-03,0.0,0.0,0.0,0.0,0.0,0.0,0.0,1.0,0.0,0.0,2.0,1.0,1.0,2.0,5.0,0.0,11836.0,0.0,14.0,0.0,44.25,40.93,5.0
663,2022-09-04,0.0,0.0,0.0,0.0,0.0,0.0,0.0,1.0,0.0,0.0,2.0,1.0,1.0,2.0,5.0,0.0,11836.0,0.0,14.0,0.0,44.25,40.93,5.0
664,2022-09-05,0.0,0.0,0.0,0.0,0.0,0.0,0.0,1.0,0.0,0.0,2.0,1.0,1.0,2.0,5.0,0.0,11864.0,28.0,14.0,0.0,44.25,40.93,5.0
665,2022-09-06,0.0,0.0,0.0,0.0,0.0,0.0,0.0,1.0,0.0,0.0,2.0,1.0,1.0,2.0,5.0,0.0,11892.0,28.0,14.0,0.0,44.25,40.93,5.0
666,2022-09-07,0.0,0.0,0.0,0.0,0.0,0.0,0.0,1.0,0.0,0.0,2.0,1.0,1.0,2.0,5.0,0.0,11902.0,10.0,14.0,0.0,44.25,40.93,5.0
667,2022-09-08,0.0,0.0,0.0,0.0,0.0,0.0,0.0,1.0,0.0,0.0,2.0,1.0,1.0,2.0,5.0,0.0,11902.0,0.0,14.0,0.0,44.25,40.93,5.0
668,2022-09-09,0.0,0.0,0.0,0.0,0.0,0.0,0.0,1.0,0.0,0.0,2.0,1.0,1.0,2.0,5.0,0.0,11908.0,6.0,14.0,0.0,44.25,40.93,5.0
669,2022-09-10,0.0,0.0,0.0,0.0,0.0,0.0,0.0,1.0,0.0,0.0,2.0,1.0,1.0,2.0,5.0,0.0,11908.0,0.0,14.0,0.0,44.25,40.93,5.0
670,2022-09-11,0.0,0.0,0.0,0.0,0.0,0.0,0.0,1.0,0.0,0.0,2.0,1.0,1.0,2.0,5.0,0.0,11908.0,0.0,14.0,0.0,44.25,40.93,5.0
